-0.119561	0.209336	-0.657390	0.000000	0.000000	0.000000	-0.372620	0.216376	-0.716745	0.000000	0.000000	0.000000	-0.519007	0.168348	-0.809856	0.000000	0.000000	0.000000
-0.119511	0.209406	-0.657441	0.000000	0.000000	0.000000	-0.372552	0.216518	-0.716863	0.000000	0.000000	0.000000	-0.518896	0.168445	-0.810018	0.000000	0.000000	0.000000
-0.119459	0.209466	-0.657507	0.000042	0.000061	-0.000040	-0.372439	0.216976	-0.717140	0.000079	0.000270	-0.000167	-0.518750	0.169109	-0.810452	0.000103	0.000337	-0.000241
-0.119373	0.209609	-0.657571	0.000054	0.000076	-0.000053	-0.372289	0.217466	-0.717429	0.000101	0.000334	-0.000218	-0.518550	0.169664	-0.810854	0.000125	0.000437	-0.000308
-0.119277	0.209743	-0.657666	0.000070	0.000092	-0.000075	-0.372098	0.218131	-0.717851	0.000130	0.000391	-0.000284	-0.518319	0.170503	-0.811427	0.000154	0.000531	-0.000392
-0.119155	0.209892	-0.657808	0.000086	0.000102	-0.000103	-0.371880	0.218707	-0.718335	0.000160	0.000437	-0.000362	-0.518078	0.171422	-0.812121	0.000193	0.000609	-0.000500
-0.118977	0.210103	-0.658022	0.000102	0.000117	-0.000126	-0.371549	0.219647	-0.719077	0.000195	0.000501	-0.000449	-0.517685	0.172659	-0.813108	0.000247	0.000726	-0.000641
-0.118815	0.210270	-0.658239	0.000127	0.000154	-0.000146	-0.371239	0.220323	-0.719822	0.000241	0.000597	-0.000541	-0.517256	0.173601	-0.814170	0.000321	0.000876	-0.000801
-0.118593	0.210539	-0.658495	0.000159	0.000214	-0.000161	-0.370789	0.221523	-0.720850	0.000300	0.000736	-0.000639	-0.516669	0.175585	-0.815793	0.000408	0.001072	-0.000966
-0.118271	0.211000	-0.658796	0.000202	0.000298	-0.000177	-0.370226	0.222799	-0.721970	0.000373	0.000906	-0.000742	-0.515883	0.177260	-0.817445	0.000507	0.001265	-0.001117
-0.117933	0.211517	-0.659073	0.000244	0.000370	-0.000201	-0.369558	0.224526	-0.723314	0.000437	0.001042	-0.000821	-0.514980	0.179721	-0.819493	0.000594	0.001390	-0.001220
-0.117458	0.212272	-0.659427	0.000301	0.000446	-0.000251	-0.368737	0.226381	-0.724781	0.000514	0.001179	-0.000909	-0.513874	0.182119	-0.821639	0.000684	0.001518	-0.001320
-0.116968	0.212962	-0.659871	0.000373	0.000531	-0.000326	-0.367903	0.228359	-0.726246	0.000600	0.001278	-0.001009	-0.512738	0.184627	-0.823795	0.000773	0.001554	-0.001390
-0.116229	0.214019	-0.660506	0.000453	0.000622	-0.000407	-0.366746	0.230758	-0.728128	0.000681	0.001278	-0.001091	-0.511281	0.187538	-0.826346	0.000854	0.001417	-0.001409
-0.115429	0.215083	-0.661252	0.000539	0.000725	-0.000482	-0.365545	0.232926	-0.730062	0.000897	0.001959	-0.001404	-0.509845	0.189838	-0.828686	0.001063	0.002491	-0.001864
-0.114463	0.216371	-0.662120	0.000631	0.000851	-0.000540	-0.364289	0.234593	-0.731878	0.001138	0.002766	-0.001721	-0.508227	0.191082	-0.830843	0.001303	0.003864	-0.002400
-0.113346	0.217861	-0.663081	0.000722	0.000983	-0.000583	-0.361391	0.244118	-0.736536	0.001277	0.003025	-0.001834	-0.505165	0.205997	-0.837933	0.001456	0.004306	-0.002599
-0.112006	0.219749	-0.664075	0.000814	0.001111	-0.000619	-0.359520	0.247230	-0.738863	0.001326	0.002754	-0.001762	-0.502935	0.210021	-0.841103	0.001533	0.003720	-0.002427
-0.110663	0.221536	-0.665122	0.000908	0.001226	-0.000660	-0.357541	0.250539	-0.741419	0.001380	0.002466	-0.001693	-0.500572	0.213955	-0.844420	0.001626	0.003061	-0.002243
-0.109006	0.223802	-0.666270	0.001009	0.001337	-0.000710	-0.354882	0.255708	-0.744618	0.001572	0.002837	-0.001860	-0.497485	0.220322	-0.848625	0.001845	0.003570	-0.002479
-0.107271	0.226068	-0.667490	0.000905	0.001184	-0.000623	-0.352228	0.260300	-0.747714	0.001549	0.002874	-0.001852	-0.494351	0.226310	-0.852837	0.001854	0.003756	-0.002547
-0.105309	0.228588	-0.668810	0.000566	0.000731	-0.000386	-0.349115	0.265842	-0.751165	0.001292	0.002590	-0.001677	-0.490705	0.233362	-0.857479	0.001634	0.003595	-0.002435
-0.105309	0.228588	-0.668810	0.000408	0.000516	-0.000271	-0.347820	0.269150	-0.753394	0.001221	0.002549	-0.001617	-0.488807	0.238479	-0.861039	0.001602	0.003671	-0.002431
-0.105309	0.228588	-0.668810	0.000660	0.000817	-0.000426	-0.346367	0.272761	-0.755708	0.001549	0.002952	-0.001799	-0.486685	0.244101	-0.864772	0.001969	0.004185	-0.002660
-0.103194	0.231224	-0.670198	0.001667	0.002000	-0.001009	-0.342765	0.278868	-0.759345	0.002631	0.004225	-0.002399	-0.482355	0.252281	-0.869858	0.003093	0.005556	-0.003298
-0.100820	0.234122	-0.671679	0.002506	0.002947	-0.001441	-0.338685	0.285642	-0.763206	0.003555	0.005279	-0.002845	-0.477471	0.261406	-0.875262	0.004063	0.006711	-0.003780
-0.093129	0.243058	-0.676026	0.002632	0.003032	-0.001427	-0.329191	0.298517	-0.769889	0.003772	0.005485	-0.002834	-0.467091	0.276739	-0.883532	0.004328	0.007003	-0.003796
-0.090315	0.246227	-0.677394	0.002228	0.002502	-0.001111	-0.324393	0.305904	-0.773611	0.003462	0.005068	-0.002511	-0.461319	0.286755	-0.888894	0.004066	0.006662	-0.003491
-0.087375	0.249442	-0.678756	0.001800	0.001959	-0.000787	-0.319337	0.313456	-0.777282	0.003139	0.004643	-0.002183	-0.455226	0.296958	-0.894189	0.003792	0.006314	-0.003174
-0.084296	0.252759	-0.680055	0.001868	0.002011	-0.000730	-0.313921	0.321382	-0.780924	0.003316	0.004806	-0.002114	-0.448671	0.307803	-0.899514	0.004018	0.006555	-0.003108
-0.081147	0.256116	-0.681234	0.001928	0.002067	-0.000648	-0.308274	0.329467	-0.784405	0.003483	0.004963	-0.002002	-0.441819	0.318834	-0.904648	0.004096	0.006465	-0.002831
-0.077859	0.259664	-0.682218	0.001996	0.002126	-0.000567	-0.302295	0.337957	-0.787623	0.003656	0.005114	-0.001874	-0.434547	0.330429	-0.909517	0.004035	0.006029	-0.002369
-0.074531	0.263205	-0.683076	0.002091	0.002190	-0.000510	-0.296134	0.346515	-0.790605	0.003856	0.005256	-0.001762	-0.428387	0.338987	-0.912499	0.004118	0.005882	-0.002085
-0.070950	0.266932	-0.683879	0.002218	0.002252	-0.000491	-0.289499	0.355473	-0.793461	0.004089	0.005383	-0.001686	-0.421751	0.347945	-0.915355	0.004492	0.006339	-0.002153
-0.067143	0.270750	-0.684676	0.002351	0.002290	-0.000497	-0.282512	0.364514	-0.796193	0.003975	0.004936	-0.001460	-0.413437	0.360141	-0.919663	0.004948	0.007210	-0.002482
-0.063070	0.274634	-0.685525	0.002465	0.002285	-0.000517	-0.275029	0.373788	-0.798898	0.003465	0.003885	-0.001082	-0.404578	0.372664	-0.923883	0.004893	0.007185	-0.002470
-0.058898	0.278407	-0.686400	0.002432	0.002150	-0.000511	-0.270857	0.377561	-0.799772	0.003133	0.003236	-0.000870	-0.396081	0.386368	-0.928795	0.004607	0.006606	-0.002183
-0.054549	0.282124	-0.687327	0.002362	0.001994	-0.000485	-0.266508	0.381277	-0.800699	0.003466	0.003648	-0.000998	-0.390182	0.393570	-0.930926	0.004704	0.006441	-0.001976
-0.051341	0.284759	-0.687985	0.002263	0.001842	-0.000435	-0.259707	0.389381	-0.803090	0.005036	0.005763	-0.001551	-0.381762	0.405297	-0.934447	0.006045	0.007982	-0.002215
-0.047007	0.288221	-0.688789	0.002252	0.001789	-0.000376	-0.251519	0.398452	-0.805561	0.006427	0.007446	-0.001878	-0.371853	0.418143	-0.937990	0.007506	0.009745	-0.002512
-0.043808	0.290731	-0.689290	0.002339	0.001833	-0.000309	-0.235481	0.418013	-0.810418	0.006745	0.007534	-0.001707	-0.353957	0.441613	-0.943879	0.007913	0.009901	-0.002322
-0.039565	0.294044	-0.689777	0.002417	0.001877	-0.000220	-0.226465	0.427103	-0.812150	0.006171	0.006461	-0.001223	-0.342927	0.454700	-0.946613	0.007449	0.008883	-0.001828
-0.035392	0.297265	-0.690089	0.002494	0.001925	-0.000126	-0.217313	0.436072	-0.813575	0.005544	0.005364	-0.000749	-0.331557	0.467747	-0.949039	0.006947	0.007831	-0.001350
-0.031249	0.300460	-0.690193	0.002466	0.001891	-0.000016	-0.207977	0.445000	-0.814638	0.005638	0.005302	-0.000556	-0.319766	0.480840	-0.951108	0.007176	0.007804	-0.001153
-0.027187	0.303565	-0.690131	0.002446	0.001864	0.000089	-0.198528	0.453752	-0.815419	0.005735	0.005238	-0.000360	-0.307649	0.493784	-0.952880	0.007407	0.007758	-0.000949
-0.023115	0.306657	-0.689896	0.002435	0.001845	0.000195	-0.188868	0.462440	-0.815867	0.005835	0.005180	-0.000151	-0.295079	0.506706	-0.954305	0.007631	0.007691	-0.000724
-0.019063	0.309714	-0.689492	0.002416	0.001830	0.000310	-0.179072	0.471012	-0.815949	0.005914	0.005121	0.000085	-0.282174	0.519463	-0.955333	0.007819	0.007594	-0.000464
-0.015025	0.312764	-0.688884	0.002381	0.001813	0.000438	-0.169085	0.479544	-0.815617	0.005958	0.005053	0.000354	-0.268932	0.532071	-0.955892	0.007955	0.007475	-0.000160
-0.011121	0.315754	-0.688039	0.002333	0.001789	0.000565	-0.159166	0.487864	-0.814815	0.005961	0.004969	0.000645	-0.255604	0.544362	-0.955929	0.008027	0.007351	0.000187
-0.007251	0.318742	-0.686969	0.002281	0.001754	0.000675	-0.149192	0.496120	-0.813464	0.005939	0.004872	0.000940	-0.242103	0.556559	-0.955310	0.008037	0.007237	0.000573
-0.003508	0.321623	-0.685760	0.002224	0.001708	0.000765	-0.139354	0.504128	-0.811651	0.005912	0.004765	0.001217	-0.228736	0.568483	-0.954041	0.007985	0.007137	0.000987
0.000170	0.324437	-0.684412	0.002163	0.001651	0.000836	-0.129504	0.512000	-0.809377	0.005882	0.004639	0.001463	-0.215426	0.580323	-0.952047	0.007878	0.007037	0.001406
0.003700	0.327136	-0.682947	0.002103	0.001588	0.000888	-0.119731	0.519630	-0.806729	0.005847	0.004497	0.001677	-0.202432	0.591964	-0.949326	0.007756	0.006934	0.001805
0.007168	0.329736	-0.681423	0.002045	0.001517	0.000916	-0.109997	0.527012	-0.803758	0.005794	0.004330	0.001858	-0.189624	0.603448	-0.945964	0.007651	0.006806	0.002151
0.010523	0.332200	-0.679873	0.001987	0.001448	0.000941	-0.100388	0.534087	-0.800504	0.005717	0.004151	0.002029	-0.176980	0.614697	-0.942071	0.007580	0.006646	0.002444
0.013802	0.334543	-0.678321	0.001921	0.001392	0.000989	-0.090902	0.540840	-0.797022	0.005611	0.003976	0.002219	-0.164368	0.625652	-0.937789	0.007514	0.006447	0.002714
0.016938	0.336808	-0.676641	0.001848	0.001353	0.001069	-0.081657	0.547309	-0.793173	0.005474	0.003813	0.002437	-0.151891	0.636216	-0.933059	0.007413	0.006218	0.002989
0.019960	0.339047	-0.674765	0.001772	0.001322	0.001162	-0.072623	0.553553	-0.788901	0.005321	0.003658	0.002665	-0.139573	0.646403	-0.927832	0.007261	0.005976	0.003275
0.022841	0.341224	-0.672743	0.001698	0.001291	0.001250	-0.063922	0.559509	-0.784257	0.005160	0.003503	0.002878	-0.127643	0.656129	-0.922132	0.007064	0.005737	0.003560
0.025618	0.343349	-0.670594	0.001626	0.001256	0.001327	-0.055431	0.565224	-0.779287	0.005000	0.003346	0.003068	-0.116002	0.665499	-0.915967	0.006844	0.005513	0.003837
0.028261	0.345415	-0.668310	0.001548	0.001218	0.001398	-0.047252	0.570665	-0.774006	0.004832	0.003186	0.003236	-0.104822	0.674491	-0.909326	0.006617	0.005303	0.004099
0.030796	0.347419	-0.665926	0.001464	0.001178	0.001466	-0.039297	0.575852	-0.768476	0.004651	0.003023	0.003386	-0.093953	0.683171	-0.902270	0.006395	0.005093	0.004333
0.033139	0.349336	-0.663433	0.001389	0.001142	0.001534	-0.031734	0.580740	-0.762707	0.004475	0.002864	0.003519	-0.083522	0.691484	-0.894841	0.006205	0.004875	0.004525
0.035380	0.351210	-0.660814	0.001331	0.001114	0.001604	-0.024444	0.585374	-0.756727	0.004317	0.002715	0.003642	-0.073351	0.699436	-0.887125	0.006057	0.004639	0.004669
0.037567	0.353048	-0.658083	0.001285	0.001092	0.001684	-0.017360	0.589780	-0.750561	0.004163	0.002581	0.003776	-0.063371	0.706972	-0.879225	0.005934	0.004394	0.004790
0.039683	0.354845	-0.655236	0.001228	0.001071	0.001774	-0.010505	0.593963	-0.744203	0.003981	0.002456	0.003933	-0.053529	0.714074	-0.871199	0.005788	0.004153	0.004923
0.041682	0.356625	-0.652173	0.001146	0.001037	0.001850	-0.004044	0.597963	-0.737477	0.003759	0.002327	0.004090	-0.044007	0.720788	-0.862866	0.005579	0.003922	0.005070
0.043542	0.358344	-0.648985	0.001034	0.000981	0.001889	0.002049	0.601754	-0.730479	0.003511	0.002184	0.004214	-0.034833	0.727153	-0.854254	0.005293	0.003708	0.005223
0.045169	0.359919	-0.645832	0.000895	0.000907	0.001893	0.007679	0.605259	-0.723383	0.003245	0.002028	0.004295	-0.026277	0.733113	-0.845472	0.004878	0.003462	0.005336
0.046535	0.361360	-0.642692	0.000746	0.000833	0.001894	0.012880	0.608506	-0.716161	0.002968	0.001870	0.004357	-0.018326	0.738824	-0.836364	0.004434	0.003261	0.005476
0.047643	0.362683	-0.639533	0.000601	0.000766	0.001905	0.017576	0.611487	-0.708843	0.002686	0.001718	0.004405	-0.011738	0.743740	-0.827398	0.004005	0.003080	0.005605
0.048527	0.363905	-0.636348	0.000464	0.000707	0.001927	0.021835	0.614226	-0.701452	0.002390	0.001569	0.004438	-0.005036	0.749135	-0.817568	0.003657	0.002948	0.005745
0.049188	0.365033	-0.633125	0.000308	0.000556	0.001622	0.025581	0.616714	-0.694039	0.002044	0.001328	0.004118	0.000488	0.753605	-0.808217	0.003335	0.002749	0.005549
0.049625	0.366076	-0.629830	0.000154	0.000321	0.000981	0.028779	0.618971	-0.686583	0.001654	0.001003	0.003440	0.006018	0.758441	-0.798097	0.002961	0.002421	0.004950
0.049625	0.366076	-0.629830	0.000069	0.000200	0.000661	0.031077	0.620026	-0.682528	0.001285	0.000794	0.003070	0.010555	0.761924	-0.791381	0.002587	0.002156	0.004589
0.049625	0.366076	-0.629830	0.000062	0.000280	0.001000	0.032876	0.620941	-0.678563	0.000970	0.000793	0.003351	0.014506	0.765021	-0.784907	0.002148	0.001986	0.004747
0.049876	0.367030	-0.626517	-0.000019	0.000577	0.002357	0.034338	0.622684	-0.671362	0.000593	0.001018	0.004638	0.017871	0.768581	-0.775518	0.001560	0.002028	0.005884
0.049995	0.367920	-0.623142	-0.000222	0.000728	0.003346	0.035216	0.624247	-0.664240	0.000135	0.001105	0.005546	0.020186	0.771641	-0.766488	0.000811	0.001963	0.006674
0.049061	0.370000	-0.612950	-0.000461	0.000605	0.003251	0.034665	0.626897	-0.650472	-0.000318	0.000922	0.005353	0.020470	0.775580	-0.750958	0.000031	0.001688	0.006432
0.048217	0.370391	-0.609937	-0.000634	0.000337	0.002406	0.033897	0.627775	-0.643994	-0.000691	0.000599	0.004393	0.020014	0.777655	-0.742730	-0.000657	0.001322	0.005488
0.047047	0.370607	-0.607214	-0.000749	0.000091	0.001535	0.032480	0.628379	-0.638078	-0.000992	0.000295	0.003323	0.018357	0.779447	-0.734952	-0.001229	0.000998	0.004457
0.045671	0.370678	-0.604821	-0.000873	0.000011	0.001368	0.030491	0.628754	-0.632702	-0.001328	0.000157	0.002943	0.015730	0.780999	-0.727619	-0.001772	0.000834	0.004098
0.044122	0.370626	-0.602712	-0.000979	-0.000057	0.001238	0.028146	0.628869	-0.628531	-0.001641	0.000039	0.002607	0.012468	0.782220	-0.721499	-0.002230	0.000665	0.003739
0.042412	0.370478	-0.600756	-0.001081	-0.000115	0.001157	0.024955	0.628860	-0.624114	-0.001985	-0.000064	0.002387	0.008178	0.783221	-0.715200	-0.002671	0.000482	0.003435
0.040517	0.370237	-0.598901	-0.001190	-0.000169	0.001114	0.021605	0.628661	-0.620596	-0.002383	-0.000163	0.002266	0.003610	0.783875	-0.709984	-0.003145	0.000270	0.003166
0.038462	0.369920	-0.597062	-0.001305	-0.000224	0.001086	0.017186	0.628320	-0.616768	-0.002803	-0.000270	0.002151	-0.002118	0.784160	-0.704782	-0.003644	0.000018	0.002843
0.036175	0.369497	-0.595268	-0.001427	-0.000284	0.001060	0.012090	0.627778	-0.613217	-0.003210	-0.000385	0.002042	-0.008688	0.783976	-0.700257	-0.004143	-0.000258	0.002491
0.033700	0.368974	-0.593532	-0.001550	-0.000348	0.001032	0.006443	0.627040	-0.609978	-0.003539	-0.000506	0.001898	-0.015966	0.783300	-0.696501	-0.004575	-0.000535	0.002115
0.031012	0.368342	-0.591830	-0.001588	-0.000391	0.000958	0.000242	0.626093	-0.606960	-0.003739	-0.000604	0.001748	-0.023973	0.782152	-0.693359	-0.004665	-0.000713	0.001808
0.028128	0.367596	-0.590184	-0.001612	-0.000433	0.000871	-0.006362	0.624947	-0.604048	-0.003880	-0.000699	0.001620	-0.032586	0.780633	-0.690533	-0.004462	-0.000793	0.001615
0.025868	0.366964	-0.589038	-0.001697	-0.000495	0.000811	-0.012494	0.623830	-0.601664	-0.004056	-0.000814	0.001524	-0.038719	0.779515	-0.688150	-0.004489	-0.000897	0.001508
0.022728	0.366022	-0.587611	-0.001849	-0.000578	0.000794	-0.019615	0.622316	-0.599078	-0.004288	-0.000953	0.001462	-0.045840	0.778002	-0.685564	-0.005018	-0.001085	0.001463
0.019440	0.364964	-0.586288	-0.001990	-0.000660	0.000788	-0.027060	0.620582	-0.596685	-0.004507	-0.001094	0.001406	-0.055609	0.775815	-0.683249	-0.006419	-0.001375	0.001615
0.016066	0.363814	-0.584995	-0.002042	-0.000717	0.000753	-0.034675	0.618664	-0.594402	-0.004634	-0.001214	0.001317	-0.065874	0.773479	-0.680799	-0.007545	-0.001601	0.001801
0.012628	0.362575	-0.583773	-0.002091	-0.000776	0.000719	-0.042503	0.616542	-0.592285	-0.004757	-0.001339	0.001226	-0.082877	0.770291	-0.676764	-0.007789	-0.001738	0.001842
0.009122	0.361243	-0.582601	-0.002150	-0.000841	0.000685	-0.050508	0.614218	-0.590312	-0.004888	-0.001475	0.001134	-0.094023	0.767521	-0.674038	-0.007328	-0.001847	0.001646
0.005472	0.359780	-0.581493	-0.002224	-0.000915	0.000664	-0.058797	0.611636	-0.588513	-0.005028	-0.001622	0.001058	-0.105353	0.764396	-0.671594	-0.006796	-0.001997	0.001354
0.001723	0.358200	-0.580425	-0.002308	-0.000998	0.000661	-0.067265	0.608821	-0.586835	-0.005171	-0.001779	0.001003	-0.116682	0.760901	-0.669509	-0.006857	-0.002243	0.001154
-0.002210	0.356465	-0.579309	-0.002397	-0.001086	0.000671	-0.076028	0.605719	-0.585185	-0.005313	-0.001945	0.000955	-0.128181	0.756939	-0.667757	-0.006934	-0.002505	0.000952
-0.006281	0.354580	-0.578179	-0.002472	-0.001174	0.000687	-0.084990	0.602344	-0.583613	-0.005441	-0.002115	0.000899	-0.139764	0.752551	-0.666335	-0.007034	-0.002771	0.000765
-0.010489	0.352537	-0.577031	-0.002522	-0.001254	0.000701	-0.094197	0.598662	-0.582182	-0.005546	-0.002283	0.000835	-0.151606	0.747692	-0.665247	-0.007158	-0.003029	0.000615
-0.014722	0.350386	-0.575836	-0.002534	-0.001320	0.000706	-0.103506	0.594729	-0.580846	-0.005625	-0.002445	0.000766	-0.163603	0.742439	-0.664367	-0.007302	-0.003274	0.000513
-0.018984	0.348117	-0.574639	-0.002518	-0.001372	0.000686	-0.112973	0.590506	-0.579600	-0.005679	-0.002602	0.000683	-0.175925	0.736761	-0.663576	-0.007457	-0.003508	0.000447
-0.023130	0.345805	-0.573507	-0.002488	-0.001420	0.000636	-0.122459	0.586055	-0.578530	-0.005723	-0.002763	0.000579	-0.188468	0.730742	-0.662873	-0.007610	-0.003739	0.000388
-0.027261	0.343393	-0.572497	-0.002469	-0.001475	0.000565	-0.132034	0.581315	-0.577665	-0.005207	-0.002662	0.000488	-0.201309	0.724310	-0.662275	-0.007177	-0.003707	0.000341
-0.031327	0.340910	-0.571617	-0.002478	-0.001549	0.000478	-0.141674	0.576295	-0.576991	-0.004137	-0.002289	0.000422	-0.214318	0.717496	-0.661788	-0.006139	-0.003399	0.000292
-0.035476	0.338262	-0.570882	-0.002523	-0.001650	0.000388	-0.145823	0.573646	-0.576256	-0.003646	-0.002178	0.000342	-0.221841	0.712940	-0.661250	-0.005618	-0.003346	0.000190
-0.039692	0.335447	-0.570340	-0.002595	-0.001774	0.000318	-0.150039	0.570832	-0.575714	-0.004293	-0.002615	0.000238	-0.229326	0.708125	-0.660976	-0.006185	-0.003832	0.000033
-0.044126	0.332353	-0.569889	-0.002674	-0.001911	0.000282	-0.160131	0.564995	-0.575520	-0.006619	-0.004019	0.000053	-0.242479	0.700221	-0.661184	-0.008419	-0.005280	-0.000211
-0.048627	0.329074	-0.569426	-0.002734	-0.002041	0.000275	-0.170292	0.558799	-0.575352	-0.008350	-0.005212	-0.000097	-0.255527	0.691899	-0.661520	-0.010083	-0.006519	-0.000401
-0.053285	0.325523	-0.568976	-0.002755	-0.002149	0.000279	-0.191764	0.545488	-0.576091	-0.008349	-0.005497	-0.000141	-0.279831	0.676363	-0.662818	-0.010064	-0.006857	-0.000448
-0.057871	0.321869	-0.568505	-0.002733	-0.002228	0.000283	-0.201903	0.538221	-0.576110	-0.007188	-0.005093	-0.000100	-0.292806	0.666791	-0.663355	-0.008929	-0.006511	-0.000372
-0.062428	0.318070	-0.568021	-0.002672	-0.002276	0.000282	-0.212012	0.530602	-0.576168	-0.005994	-0.004630	-0.000048	-0.305845	0.656763	-0.663828	-0.007787	-0.006122	-0.000269
-0.066811	0.314250	-0.567547	-0.002594	-0.002309	0.000267	-0.221926	0.522756	-0.576271	-0.005900	-0.004786	-0.000074	-0.318798	0.646387	-0.664229	-0.007752	-0.006370	-0.000254
-0.071063	0.310380	-0.567113	-0.002524	-0.002348	0.000236	-0.231682	0.514650	-0.576414	-0.005803	-0.004944	-0.000103	-0.331709	0.635551	-0.664635	-0.007693	-0.006632	-0.000268
-0.075180	0.306466	-0.566747	-0.002480	-0.002411	0.000197	-0.241237	0.506313	-0.576607	-0.005721	-0.005122	-0.000134	-0.344456	0.624304	-0.665092	-0.007606	-0.006902	-0.000307
-0.079296	0.302379	-0.566462	-0.002466	-0.002506	0.000170	-0.250735	0.497602	-0.576864	-0.005659	-0.005329	-0.000157	-0.357118	0.612523	-0.665640	-0.007485	-0.007173	-0.000359
-0.083378	0.298145	-0.566224	-0.002470	-0.002623	0.000175	-0.260083	0.488584	-0.577166	-0.005605	-0.005552	-0.000149	-0.369446	0.600395	-0.666293	-0.007328	-0.007434	-0.000400
-0.087529	0.293645	-0.565933	-0.002465	-0.002737	0.000217	-0.269431	0.479092	-0.577421	-0.005527	-0.005760	-0.000106	-0.381568	0.587733	-0.667020	-0.007137	-0.007666	-0.000406
-0.091647	0.288971	-0.565528	-0.002431	-0.002824	0.000284	-0.278587	0.469305	-0.577545	-0.005408	-0.005930	-0.000034	-0.393288	0.574756	-0.667708	-0.006924	-0.007859	-0.000363
-0.095674	0.284187	-0.564988	-0.002372	-0.002886	0.000353	-0.287499	0.459278	-0.577540	-0.005258	-0.006069	0.000050	-0.404642	0.561498	-0.668282	-0.006712	-0.008023	-0.000276
-0.099547	0.279365	-0.564334	-0.002299	-0.002931	0.000410	-0.296098	0.449096	-0.577388	-0.005096	-0.006191	0.000140	-0.415616	0.548039	-0.668664	-0.006518	-0.008178	-0.000152
-0.103354	0.274394	-0.563601	-0.002219	-0.002967	0.000449	-0.304505	0.438612	-0.577082	-0.004924	-0.006298	0.000228	-0.426359	0.534218	-0.668824	-0.006337	-0.008330	-0.000010
-0.106961	0.269451	-0.562810	-0.002135	-0.002996	0.000460	-0.312539	0.428066	-0.576606	-0.004742	-0.006388	0.000299	-0.436747	0.520261	-0.668683	-0.006153	-0.008473	0.000118
-0.110453	0.264427	-0.562027	-0.002053	-0.003027	0.000450	-0.320299	0.417330	-0.576041	-0.004559	-0.006473	0.000354	-0.446884	0.505977	-0.668365	-0.005898	-0.008514	0.000222
-0.113799	0.259368	-0.561309	-0.001975	-0.003060	0.000432	-0.327725	0.406500	-0.575434	-0.004375	-0.006550	0.000406	-0.456619	0.491555	-0.667941	-0.005615	-0.008523	0.000306
-0.117046	0.254207	-0.560602	-0.001907	-0.003111	0.000430	-0.334905	0.395450	-0.574719	-0.004196	-0.006631	0.000485	-0.465469	0.477781	-0.667348	-0.005364	-0.008588	0.000400
-0.120117	0.249071	-0.559913	-0.001848	-0.003177	0.000463	-0.341681	0.384445	-0.573867	-0.004019	-0.006711	0.000607	-0.474315	0.463229	-0.666639	-0.005148	-0.008714	0.000522
-0.123208	0.243620	-0.559124	-0.001793	-0.003254	0.000522	-0.348301	0.373075	-0.572758	-0.003836	-0.006775	0.000761	-0.482823	0.448418	-0.665670	-0.004921	-0.008814	0.000673
-0.126120	0.238190	-0.558159	-0.001721	-0.003301	0.000585	-0.354523	0.361763	-0.571322	-0.003622	-0.006766	0.000930	-0.490746	0.433777	-0.664396	-0.004634	-0.008770	0.000859
-0.128973	0.232553	-0.557135	-0.001626	-0.003305	0.000622	-0.360427	0.350383	-0.569653	-0.003377	-0.006682	0.001090	-0.498251	0.419097	-0.662864	-0.004368	-0.008681	0.001084
-0.131559	0.227129	-0.556050	-0.001526	-0.003292	0.000630	-0.365770	0.339474	-0.567670	-0.003137	-0.006582	0.001228	-0.505226	0.404846	-0.660860	-0.004158	-0.008591	0.001350
-0.134029	0.221628	-0.555010	-0.001419	-0.003254	0.000626	-0.370822	0.328540	-0.565507	-0.002687	-0.005953	0.001199	-0.512024	0.390539	-0.658371	-0.003767	-0.007975	0.001494
-0.136322	0.216191	-0.553981	-0.001311	-0.003199	0.000624	-0.375499	0.317785	-0.563187	-0.002046	-0.004806	0.000994	-0.518557	0.376421	-0.655392	-0.003174	-0.006833	0.001459
-0.138396	0.210952	-0.552940	-0.001197	-0.003111	0.000629	-0.377572	0.312546	-0.562146	-0.001656	-0.004167	0.000904	-0.522590	0.367768	-0.653393	-0.002793	-0.006192	0.001486
-0.140302	0.205816	-0.551884	-0.001068	-0.002961	0.000650	-0.379478	0.307410	-0.561090	-0.001716	-0.004529	0.001102	-0.526398	0.359291	-0.651249	-0.002815	-0.006542	0.001732
-0.142015	0.200887	-0.550816	-0.000924	-0.002728	0.000661	-0.383401	0.297240	-0.558564	-0.002319	-0.006392	0.001810	-0.532117	0.345744	-0.647650	-0.003342	-0.008376	0.002434
-0.143389	0.196644	-0.549607	-0.000934	-0.003004	0.000691	-0.386833	0.287796	-0.555752	-0.002797	-0.008229	0.002422	-0.537180	0.333029	-0.643816	-0.003731	-0.010164	0.003016
-0.144554	0.192841	-0.548603	-0.000937	-0.003226	0.000752	-0.393403	0.268237	-0.549381	-0.002659	-0.008436	0.002563	-0.545232	0.310270	-0.636483	-0.003508	-0.010313	0.003132
-0.147107	0.183823	-0.547185	-0.000851	-0.003152	0.000887	-0.397442	0.254125	-0.546053	-0.002088	-0.007293	0.002398	-0.550590	0.293124	-0.632252	-0.002872	-0.009118	0.002962
-0.147664	0.181448	-0.545721	-0.000683	-0.002828	0.001096	-0.399385	0.246549	-0.542634	-0.001460	-0.005884	0.002293	-0.553792	0.282523	-0.627899	-0.002199	-0.007665	0.002878
-0.148784	0.176515	-0.543622	-0.000549	-0.002650	0.001317	-0.401729	0.236551	-0.538522	-0.001237	-0.005641	0.002560	-0.557336	0.269594	-0.622784	-0.001940	-0.007377	0.003176
-0.149704	0.171868	-0.541202	-0.000528	-0.002859	0.001528	-0.403717	0.226969	-0.533979	-0.001124	-0.005766	0.002831	-0.560476	0.257148	-0.617173	-0.001786	-0.007446	0.003466
-0.150561	0.166903	-0.538532	-0.000438	-0.002825	0.001697	-0.405479	0.217294	-0.529108	-0.000936	-0.005584	0.003070	-0.563310	0.244724	-0.611221	-0.001549	-0.007195	0.003705
-0.151166	0.162467	-0.535527	-0.000349	-0.002791	0.001838	-0.406872	0.208143	-0.523732	-0.000818	-0.005882	0.003311	-0.565673	0.232937	-0.604806	-0.001389	-0.007440	0.003951
-0.151702	0.157668	-0.532329	-0.000262	-0.002761	0.001941	-0.407935	0.199532	-0.518066	-0.000705	-0.006229	0.003523	-0.567629	0.221853	-0.598097	-0.001257	-0.007759	0.004200
-0.152051	0.153195	-0.529025	-0.000181	-0.002760	0.002009	-0.409439	0.185907	-0.511913	-0.000541	-0.006212	0.003682	-0.570050	0.205618	-0.590787	-0.001105	-0.007753	0.004450
-0.152291	0.148566	-0.525622	-0.000098	-0.002742	0.002064	-0.409958	0.177236	-0.505695	-0.000323	-0.005832	0.003803	-0.571498	0.194451	-0.583243	-0.000924	-0.007399	0.004714
-0.152392	0.143966	-0.522142	-0.000012	-0.002700	0.002122	-0.410260	0.168315	-0.499283	-0.000103	-0.005411	0.003913	-0.572856	0.182813	-0.575163	-0.000630	-0.006729	0.004772
-0.152343	0.139473	-0.518571	0.000082	-0.002598	0.002191	-0.410348	0.158799	-0.492669	0.000059	-0.005372	0.004047	-0.574060	0.170673	-0.566581	-0.000269	-0.006169	0.004608
-0.152119	0.135293	-0.514858	0.000178	-0.002467	0.002267	-0.410081	0.150231	-0.485812	0.000236	-0.005217	0.004191	-0.573793	0.162105	-0.559724	0.000011	-0.005750	0.004605
-0.151742	0.131254	-0.511001	0.000271	-0.002339	0.002338	-0.409541	0.141596	-0.478695	0.000414	-0.005039	0.004333	-0.573253	0.153469	-0.552607	0.000080	-0.005836	0.004988
-0.151209	0.127510	-0.507044	0.000357	-0.002221	0.002391	-0.408703	0.133353	-0.471343	0.000566	-0.004794	0.004363	-0.573550	0.142518	-0.543083	-0.000142	-0.006575	0.005882
-0.150541	0.123869	-0.503001	0.000439	-0.002123	0.002435	-0.407589	0.125289	-0.463810	0.000714	-0.004557	0.004377	-0.573502	0.131895	-0.533341	-0.000219	-0.007030	0.006521
-0.149749	0.120472	-0.498944	0.000518	-0.002036	0.002476	-0.406370	0.118596	-0.457070	0.000849	-0.004313	0.004383	-0.574962	0.117930	-0.520170	-0.000003	-0.006711	0.006495
-0.148814	0.117061	-0.494753	0.000591	-0.001944	0.002498	-0.404736	0.110781	-0.449194	0.000991	-0.004135	0.004465	-0.574032	0.107756	-0.510311	0.000374	-0.005944	0.006151
-0.147754	0.113962	-0.490531	0.000650	-0.001838	0.002476	-0.403065	0.104732	-0.442131	0.001141	-0.004026	0.004601	-0.573046	0.099545	-0.501165	0.000711	-0.005216	0.005942
-0.146622	0.110935	-0.486438	0.000693	-0.001707	0.002412	-0.400982	0.097799	-0.434096	0.001280	-0.003881	0.004692	-0.571681	0.090839	-0.490833	0.000863	-0.005430	0.006191
-0.145438	0.108216	-0.482502	0.000727	-0.001550	0.002341	-0.398718	0.091321	-0.426154	0.001407	-0.003714	0.004755	-0.570203	0.082687	-0.480226	0.001015	-0.005761	0.006435
-0.144198	0.105741	-0.478666	0.000759	-0.001367	0.002288	-0.396285	0.085383	-0.418255	0.001506	-0.003415	0.004720	-0.568241	0.070318	-0.469338	0.001134	-0.005573	0.006539
-0.142909	0.103659	-0.474899	0.000798	-0.001192	0.002272	-0.393696	0.080005	-0.410418	0.001604	-0.003122	0.004706	-0.566333	0.062458	-0.458313	0.001243	-0.004859	0.006573
-0.141562	0.101819	-0.471162	0.000849	-0.001041	0.002299	-0.390948	0.074964	-0.402629	0.001708	-0.002856	0.004725	-0.564211	0.055339	-0.447356	0.001370	-0.004041	0.006531
-0.140098	0.100216	-0.467281	0.000908	-0.000933	0.002348	-0.388018	0.070518	-0.394719	0.001816	-0.002626	0.004762	-0.561803	0.049073	-0.436483	0.001536	-0.003662	0.006432
-0.138523	0.098779	-0.463289	0.000961	-0.000855	0.002374	-0.384880	0.066314	-0.386700	0.001910	-0.002417	0.004772	-0.559070	0.043295	-0.425859	0.001685	-0.003355	0.006308
-0.136867	0.097373	-0.459293	0.000992	-0.000778	0.002346	-0.381606	0.062398	-0.378729	0.001974	-0.002194	0.004723	-0.556114	0.037885	-0.415492	0.001787	-0.003074	0.006192
-0.135182	0.096110	-0.455406	0.001003	-0.000663	0.002281	-0.378261	0.058919	-0.370901	0.002011	-0.001908	0.004638	-0.553049	0.032974	-0.405271	0.001845	-0.002755	0.006123
-0.133521	0.095104	-0.451707	0.001007	-0.000512	0.002213	-0.374895	0.055969	-0.363288	0.002034	-0.001588	0.004547	-0.549950	0.028654	-0.395150	0.001884	-0.002415	0.006088
-0.131836	0.094417	-0.448061	0.001009	-0.000341	0.002154	-0.371485	0.053666	-0.355763	0.002049	-0.001260	0.004456	-0.546782	0.024974	-0.384974	0.001917	-0.002068	0.006045
-0.130143	0.093944	-0.444504	0.001008	-0.000145	0.002102	-0.368043	0.051775	-0.348397	0.002058	-0.000933	0.004361	-0.543543	0.021739	-0.374914	0.001944	-0.001689	0.005962
-0.128475	0.093864	-0.441067	0.001007	0.000073	0.002058	-0.364620	0.050507	-0.341231	0.002062	-0.000607	0.004264	-0.540286	0.019214	-0.365057	0.001965	-0.001270	0.005832
-0.126804	0.094208	-0.437678	0.001012	0.000283	0.002028	-0.361185	0.049799	-0.334214	0.002069	-0.000298	0.004177	-0.537006	0.017523	-0.355444	0.001980	-0.000816	0.005666
-0.125108	0.094883	-0.434307	0.001025	0.000425	0.002005	-0.357724	0.049568	-0.327310	0.002078	-0.000051	0.004096	-0.533670	0.016488	-0.346128	0.001991	-0.000391	0.005472
-0.123392	0.095760	-0.430984	0.001038	0.000485	0.001970	-0.354253	0.049732	-0.320549	0.002078	0.000137	0.004002	-0.530354	0.016309	-0.337187	0.001986	-0.000022	0.005264
-0.121635	0.096562	-0.427712	0.001041	0.000513	0.001913	-0.350772	0.050061	-0.313934	0.002056	0.000322	0.003885	-0.527027	0.016521	-0.328590	0.001962	0.000296	0.005065
-0.119894	0.097383	-0.424569	0.001025	0.000575	0.001833	-0.347358	0.050674	-0.307566	0.002009	0.000569	0.003748	-0.523785	0.017270	-0.320338	0.001918	0.000616	0.004892
-0.118201	0.098388	-0.421587	0.000992	0.000685	0.001734	-0.344056	0.051847	-0.301442	0.001946	0.000873	0.003600	-0.520619	0.018492	-0.312329	0.001862	0.000942	0.004750
-0.116579	0.099683	-0.418782	0.000949	0.000811	0.001623	-0.340875	0.053633	-0.295566	0.001874	0.001181	0.003447	-0.517587	0.020497	-0.304525	0.001799	0.001265	0.004625
-0.115025	0.101112	-0.416158	0.000896	0.000929	0.001501	-0.337798	0.055831	-0.289931	0.001795	0.001454	0.003276	-0.514604	0.022716	-0.296899	0.001728	0.001559	0.004485
-0.113584	0.102770	-0.413770	0.000840	0.001047	0.001379	-0.334875	0.058503	-0.284610	0.001708	0.001685	0.003086	-0.511806	0.025692	-0.289515	0.001648	0.001828	0.004256
-0.112238	0.104596	-0.411588	0.000790	0.001170	0.001268	-0.332110	0.061513	-0.279636	0.001621	0.001876	0.002886	-0.509122	0.028889	-0.282492	0.001564	0.002077	0.003980
-0.110962	0.106670	-0.409564	0.000752	0.001300	0.001175	-0.329482	0.064803	-0.275000	0.001538	0.002052	0.002688	-0.506588	0.032600	-0.276368	0.001478	0.002341	0.003701
-0.109744	0.108912	-0.407687	0.000731	0.001435	0.001108	-0.326980	0.068292	-0.270684	0.001462	0.002236	0.002506	-0.504179	0.036577	-0.270244	0.001391	0.002640	0.003428
-0.108560	0.111454	-0.405920	0.000725	0.001546	0.001058	-0.324630	0.072247	-0.266679	0.001393	0.002407	0.002339	-0.501974	0.041411	-0.264757	0.001309	0.002930	0.003128
-0.107325	0.114166	-0.404154	0.000725	0.001613	0.001015	-0.322346	0.076426	-0.262897	0.001333	0.002540	0.002189	-0.499826	0.046482	-0.259821	0.001240	0.003144	0.002787
-0.106129	0.116879	-0.402516	0.000724	0.001659	0.000968	-0.320190	0.080742	-0.259396	0.001284	0.002656	0.002058	-0.497852	0.051991	-0.255516	0.001187	0.003313	0.002493
-0.104927	0.119616	-0.400945	0.000723	0.001721	0.000920	-0.318092	0.085196	-0.256074	0.001252	0.002771	0.001947	-0.495898	0.057431	-0.251620	0.001151	0.003473	0.002268
-0.103722	0.122598	-0.399454	0.000704	0.001740	0.000849	-0.316042	0.090041	-0.252921	0.001217	0.002801	0.001830	-0.494036	0.063594	-0.248026	0.001115	0.003535	0.002083
-0.102497	0.125661	-0.398020	0.000689	0.001770	0.000783	-0.313972	0.094834	-0.249900	0.001205	0.002801	0.001735	-0.492133	0.069611	-0.244627	0.001107	0.003536	0.001951
-0.101521	0.128230	-0.396946	0.000670	0.001792	0.000711	-0.312137	0.099109	-0.247266	0.001202	0.002771	0.001652	-0.490465	0.075161	-0.241682	0.001116	0.003456	0.001867
-0.100241	0.131680	-0.395627	0.000673	0.001887	0.000661	-0.309948	0.104137	-0.244381	0.001230	0.002806	0.001601	-0.488401	0.081224	-0.238457	0.001162	0.003399	0.001850
-0.099284	0.134498	-0.394732	0.000708	0.002073	0.000632	-0.308045	0.108453	-0.241920	0.001289	0.002960	0.001578	-0.486607	0.086544	-0.235522	0.001238	0.003464	0.001873
-0.098005	0.138260	-0.393627	0.000747	0.002264	0.000598	-0.305764	0.113550	-0.239234	0.001347	0.003164	0.001547	-0.484375	0.092216	-0.232290	0.001307	0.003597	0.001871
-0.096675	0.142384	-0.392622	0.000788	0.002447	0.000558	-0.303428	0.119297	-0.236636	0.001398	0.003412	0.001509	-0.482115	0.098808	-0.229121	0.001370	0.003772	0.001830
-0.095378	0.146432	-0.391760	0.000788	0.002474	0.000486	-0.301100	0.124931	-0.234192	0.001407	0.003521	0.001436	-0.479819	0.104926	-0.226148	0.001387	0.003822	0.001737
-0.094034	0.150793	-0.391021	0.000785	0.002431	0.000425	-0.298729	0.131195	-0.231876	0.001414	0.003558	0.001371	-0.477467	0.111554	-0.223366	0.001401	0.003772	0.001607
-0.092769	0.154589	-0.390365	0.000792	0.002383	0.000380	-0.296391	0.136866	-0.229631	0.001429	0.003584	0.001318	-0.475157	0.117692	-0.220672	0.001422	0.003714	0.001454
-0.091439	0.158541	-0.389769	0.000822	0.002341	0.000363	-0.294002	0.142941	-0.227485	0.001469	0.003592	0.001290	-0.472769	0.123767	-0.218526	0.001464	0.003684	0.001389
-0.090051	0.162513	-0.389213	0.000871	0.002256	0.000388	-0.291534	0.149028	-0.225403	0.001536	0.003534	0.001310	-0.470301	0.129854	-0.216445	0.001531	0.003666	0.001486
-0.088531	0.166278	-0.388544	0.000904	0.001993	0.000456	-0.288893	0.154948	-0.223201	0.001598	0.003276	0.001384	-0.467680	0.136231	-0.213701	0.001576	0.003808	0.001877
-0.086965	0.169409	-0.387710	0.001131	0.002372	0.000511	-0.286145	0.160196	-0.220816	0.001865	0.003658	0.001456	-0.464937	0.141886	-0.210637	0.001792	0.005136	0.002223
-0.085480	0.171573	-0.386715	0.001396	0.002950	0.000532	-0.283407	0.164533	-0.218231	0.002175	0.004262	0.001501	-0.462372	0.149815	-0.205564	0.002075	0.006324	0.002311
-0.081787	0.180936	-0.385935	0.001518	0.003142	0.000526	-0.278371	0.176026	-0.215811	0.002346	0.004506	0.001519	-0.457686	0.167632	-0.202351	0.002269	0.006382	0.002195
-0.079752	0.184256	-0.384995	0.001450	0.002762	0.000506	-0.274917	0.181738	-0.213194	0.002326	0.004211	0.001521	-0.454183	0.173721	-0.198878	0.002308	0.005429	0.002079
-0.077510	0.188150	-0.384167	0.001336	0.002275	0.000475	-0.271176	0.188047	-0.210660	0.002263	0.003823	0.001507	-0.450433	0.181805	-0.195378	0.002289	0.004731	0.002146
-0.075262	0.191983	-0.383422	0.001376	0.002324	0.000429	-0.267337	0.194619	-0.208174	0.002352	0.003967	0.001472	-0.446540	0.189937	-0.191751	0.002394	0.005031	0.002211
-0.072921	0.195959	-0.382762	0.001412	0.002319	0.000399	-0.263321	0.201376	-0.205759	0.002432	0.004045	0.001441	-0.442440	0.198727	-0.188019	0.002500	0.005161	0.002280
-0.070585	0.199683	-0.382106	0.001475	0.002333	0.000385	-0.259255	0.208082	-0.203375	0.002535	0.004129	0.001418	-0.438235	0.207109	-0.184127	0.002630	0.005350	0.002329
-0.068066	0.203643	-0.381494	0.001570	0.002350	0.000398	-0.254939	0.215038	-0.201050	0.002676	0.004194	0.001426	-0.433738	0.216239	-0.180197	0.002800	0.005600	0.002364
-0.065372	0.207625	-0.380844	0.001691	0.002347	0.000445	-0.250365	0.222251	-0.198704	0.002857	0.004212	0.001479	-0.428940	0.225925	-0.176279	0.003013	0.005859	0.002405
-0.062439	0.211517	-0.380042	0.001807	0.002294	0.000507	-0.245446	0.229146	-0.196170	0.003046	0.004171	0.001558	-0.423733	0.235908	-0.172223	0.003241	0.006031	0.002457
-0.059305	0.215281	-0.379112	0.001896	0.002230	0.000549	-0.240177	0.236096	-0.193469	0.003208	0.004082	0.001618	-0.418112	0.246033	-0.168052	0.003450	0.006100	0.002495
-0.056065	0.218932	-0.378153	0.001941	0.002175	0.000542	-0.234669	0.242898	-0.190704	0.003392	0.004526	0.001599	-0.412155	0.256439	-0.163855	0.003687	0.006636	0.002473
-0.052782	0.222509	-0.377247	0.001627	0.001787	0.000428	-0.229062	0.249314	-0.187990	0.003184	0.004449	0.001468	-0.406018	0.266389	-0.159700	0.003535	0.006588	0.002371
-0.049552	0.226040	-0.376491	0.000974	0.001064	0.000242	-0.222640	0.261185	-0.185660	0.002575	0.003600	0.001273	-0.398954	0.281915	-0.155843	0.002987	0.005711	0.002243
-0.049552	0.226040	-0.376491	0.000635	0.000692	0.000138	-0.220371	0.262302	-0.183833	0.002236	0.002821	0.001164	-0.395962	0.286436	-0.152353	0.002713	0.004895	0.002225
-0.049552	0.226040	-0.376491	0.000942	0.001016	0.000181	-0.217612	0.265911	-0.182127	0.002570	0.002959	0.001179	-0.392346	0.293497	-0.148777	0.003115	0.005016	0.002324
-0.046436	0.229426	-0.375871	0.002199	0.002298	0.000372	-0.211725	0.272799	-0.179887	0.003918	0.004567	0.001313	-0.385495	0.303760	-0.144516	0.004534	0.006669	0.002489
-0.043245	0.232815	-0.375305	0.003147	0.003207	0.000481	-0.205587	0.280274	-0.177811	0.004924	0.005568	0.001373	-0.378272	0.314747	-0.140436	0.005613	0.007786	0.002493
-0.033869	0.242244	-0.373960	0.003166	0.003118	0.000448	-0.193221	0.293613	-0.175014	0.004995	0.005516	0.001292	-0.364696	0.331877	-0.135801	0.005758	0.007909	0.002270
-0.030652	0.245294	-0.373588	0.002572	0.002386	0.000357	-0.186880	0.300778	-0.173274	0.004428	0.004755	0.001151	-0.357014	0.343237	-0.132565	0.005263	0.007328	0.001936
-0.027364	0.248123	-0.373109	0.001645	0.001406	0.000237	-0.180486	0.307450	-0.171502	0.003429	0.003635	0.000944	-0.349177	0.354364	-0.129692	0.004330	0.006336	0.001538
-0.024034	0.250799	-0.372587	0.000995	0.000818	0.000152	-0.174039	0.313984	-0.169813	0.002683	0.002905	0.000761	-0.341161	0.365545	-0.127185	0.003643	0.005652	0.001205
-0.024034	0.250799	-0.372587	0.000333	0.000268	0.000052	-0.171775	0.316756	-0.169035	0.001928	0.002246	0.000567	-0.337247	0.372926	-0.125799	0.002934	0.004956	0.000907
-0.024034	0.250799	-0.372587	0.000000	0.000000	0.000000	-0.168764	0.320519	-0.168128	0.001593	0.001995	0.000449	-0.332510	0.381191	-0.124405	0.002624	0.004595	0.000723
-0.024034	0.250799	-0.372587	0.000327	0.000267	0.000038	-0.166477	0.323380	-0.167518	0.002013	0.002397	0.000446	-0.328488	0.388275	-0.123399	0.003059	0.004862	0.000681
-0.024034	0.250799	-0.372587	0.000974	0.000802	0.000100	-0.163403	0.327312	-0.166836	0.002760	0.003054	0.000466	-0.323683	0.396142	-0.122359	0.003838	0.005420	0.000693
-0.020762	0.253472	-0.372204	0.001293	0.001070	0.000123	-0.157007	0.333932	-0.165867	0.003176	0.003409	0.000455	-0.315485	0.406599	-0.121036	0.004313	0.005734	0.000700
-0.017568	0.256147	-0.371972	0.000966	0.000802	0.000085	-0.150633	0.340508	-0.165119	0.002854	0.003101	0.000364	-0.307138	0.417069	-0.119838	0.004076	0.005437	0.000627
-0.017568	0.256147	-0.371972	0.001748	0.001450	0.000026	-0.147488	0.344276	-0.164691	0.003616	0.003685	0.000249	-0.301904	0.424689	-0.118921	0.004935	0.006055	0.000519
-0.017568	0.256147	-0.371972	0.003107	0.002574	-0.000016	-0.144381	0.347976	-0.164373	0.004914	0.004732	0.000138	-0.296505	0.432426	-0.118200	0.006362	0.006993	0.000761
-0.003278	0.267969	-0.371944	0.004024	0.003517	-0.000272	-0.127096	0.363315	-0.164123	0.005744	0.005573	-0.000185	-0.276768	0.451795	-0.117485	0.007082	0.007584	0.000337
-0.000786	0.270070	-0.372160	0.003465	0.003306	-0.000607	-0.121882	0.368792	-0.164311	0.005273	0.005244	-0.000475	-0.268651	0.459894	-0.113669	0.006306	0.006913	-0.000424
0.005889	0.277391	-0.374504	0.002175	0.002372	-0.000780	-0.112548	0.379189	-0.166606	0.004146	0.004124	-0.000521	-0.258936	0.473060	-0.120086	0.004875	0.005464	-0.000884
0.007919	0.279785	-0.375479	0.001616	0.001852	-0.000711	-0.106202	0.384539	-0.166639	0.003592	0.003337	-0.000363	-0.251275	0.480293	-0.119835	0.004284	0.004536	-0.000653
0.009772	0.281972	-0.376422	0.001031	0.001223	-0.000539	-0.101315	0.388809	-0.167002	0.002767	0.002430	-0.000221	-0.245394	0.486034	-0.120163	0.003710	0.003694	0.000017
0.011488	0.284007	-0.377349	0.000921	0.001073	-0.000486	-0.097195	0.392542	-0.167541	0.002340	0.002083	-0.000268	-0.239353	0.492282	-0.120123	0.003432	0.003447	0.000119
0.012625	0.285395	-0.378025	0.000908	0.000954	-0.000402	-0.093889	0.395485	-0.167915	0.002191	0.001895	-0.000243	-0.233755	0.498007	-0.119624	0.003345	0.003288	0.000166
0.014276	0.287092	-0.378736	0.001003	0.000860	-0.000278	-0.090223	0.398688	-0.168409	0.002272	0.001809	-0.000152	-0.228592	0.502787	-0.119185	0.003422	0.003224	0.000071
0.016061	0.288429	-0.379060	0.001137	0.000773	-0.000139	-0.086378	0.401608	-0.168565	0.002481	0.001769	-0.000023	-0.222710	0.508408	-0.119444	0.003689	0.003308	-0.000037
0.018084	0.289569	-0.379094	0.001235	0.000684	-0.000019	-0.081984	0.404510	-0.168413	0.002682	0.001716	0.000103	-0.216178	0.514119	-0.119594	0.003995	0.003385	-0.000040
0.020185	0.290645	-0.379055	0.001318	0.000640	0.000048	-0.077319	0.407356	-0.168145	0.002820	0.001654	0.000182	-0.209280	0.519757	-0.119587	0.004184	0.003316	0.000042
0.022503	0.291716	-0.378932	0.001362	0.000606	0.000084	-0.072461	0.410103	-0.167798	0.002848	0.001553	0.000224	-0.202074	0.525289	-0.119445	0.004236	0.003162	0.000115
0.024827	0.292679	-0.378736	0.001349	0.000573	0.000092	-0.067705	0.412554	-0.167361	0.002791	0.001445	0.000229	-0.194971	0.530396	-0.119175	0.004150	0.002944	0.000169
0.027062	0.293592	-0.378567	0.001290	0.000555	0.000062	-0.063116	0.414838	-0.166958	0.002698	0.001384	0.000188	-0.188126	0.535104	-0.118853	0.003976	0.002718	0.000192
0.029119	0.294496	-0.378504	0.001215	0.000552	0.000012	-0.058758	0.417074	-0.166694	0.002613	0.001372	0.000117	-0.181730	0.539384	-0.118491	0.003786	0.002533	0.000181
0.031112	0.295446	-0.378545	0.001142	0.000547	-0.000032	-0.054424	0.419421	-0.166589	0.002550	0.001373	0.000053	-0.175557	0.543483	-0.118208	0.003642	0.002405	0.000151
0.032930	0.296347	-0.378640	0.001071	0.000522	-0.000053	-0.050266	0.421694	-0.166559	0.002256	0.001216	0.000008	-0.169678	0.547348	-0.118008	0.003327	0.002186	0.000131
0.034670	0.297208	-0.378750	0.000997	0.000478	-0.000052	-0.046110	0.423952	-0.166566	0.001714	0.000895	-0.000019	-0.163761	0.551185	-0.117827	0.002832	0.001862	0.000148
0.036267	0.297954	-0.378825	0.000000	0.000000	0.000000	-0.044513	0.424699	-0.166641	0.000000	0.000000	0.000000	-0.160254	0.553541	-0.117560	0.000000	0.000000	0.000000
0.037743	0.298617	-0.378882	0.000000	0.000000	0.000000	-0.043037	0.425362	-0.166698	0.000000	0.000000	0.000000	-0.156662	0.555909	-0.117179	0.000000	0.000000	0.000000
