0.308253	0.293767	-0.513016	0.000000	0.000000	0.000000	0.540869	0.404361	-0.477374	0.000000	0.000000	0.000000	0.717906	0.436611	-0.482176	0.000000	0.000000	0.000000
0.308068	0.293907	-0.512788	0.000000	0.000000	0.000000	0.540684	0.404501	-0.477146	0.000000	0.000000	0.000000	0.717715	0.436812	-0.481784	0.000000	0.000000	0.000000
0.308040	0.293878	-0.512560	-0.000043	0.000012	0.000130	0.540641	0.404435	-0.476709	-0.000082	0.000037	0.000310	0.717662	0.436820	-0.481192	-0.000086	0.000069	0.000395
0.307986	0.293877	-0.512340	-0.000035	0.000007	0.000116	0.540558	0.404435	-0.476302	-0.000112	0.000074	0.000404	0.717576	0.436859	-0.480645	-0.000115	0.000099	0.000477
0.307908	0.293914	-0.512160	-0.000033	0.000013	0.000085	0.540170	0.404791	-0.475117	-0.000123	0.000101	0.000391	0.717183	0.437253	-0.479369	-0.000124	0.000116	0.000458
0.307848	0.293943	-0.512025	-0.000020	0.000009	0.000045	0.540033	0.404887	-0.474702	-0.000096	0.000086	0.000295	0.717046	0.437364	-0.478840	-0.000097	0.000097	0.000363
0.307848	0.293943	-0.512025	-0.000006	0.000003	0.000013	0.539935	0.404989	-0.474398	-0.000067	0.000068	0.000199	0.716949	0.437474	-0.478422	-0.000068	0.000081	0.000278
0.307848	0.293943	-0.512025	0.000000	0.000000	0.000000	0.539830	0.405097	-0.474070	-0.000072	0.000085	0.000193	0.716842	0.437609	-0.477959	-0.000074	0.000107	0.000293
0.307848	0.293943	-0.512025	-0.000014	0.000011	0.000015	0.539700	0.405261	-0.473760	-0.000099	0.000119	0.000217	0.716707	0.437821	-0.477471	-0.000104	0.000160	0.000354
0.307848	0.293943	-0.512025	-0.000048	0.000039	0.000044	0.539546	0.405462	-0.473413	-0.000150	0.000179	0.000257	0.716546	0.438090	-0.476860	-0.000160	0.000249	0.000442
0.307712	0.294050	-0.511879	-0.000252	0.000225	0.000164	0.539227	0.405818	-0.472885	-0.000377	0.000410	0.000373	0.716207	0.438589	-0.475983	-0.000394	0.000523	0.000606
0.307508	0.294231	-0.511731	-0.000481	0.000435	0.000284	0.538799	0.406333	-0.472378	-0.000633	0.000687	0.000462	0.715743	0.439335	-0.475021	-0.000660	0.000852	0.000720
0.305668	0.295905	-0.510683	-0.000562	0.000509	0.000321	0.536680	0.408490	-0.471065	-0.000749	0.000852	0.000436	0.713573	0.441802	-0.473248	-0.000789	0.001076	0.000678
0.305085	0.296436	-0.510382	-0.000486	0.000436	0.000280	0.535759	0.409660	-0.470614	-0.000712	0.000886	0.000301	0.712576	0.443392	-0.472399	-0.000765	0.001174	0.000485
0.304513	0.296934	-0.510015	-0.000395	0.000347	0.000232	0.534773	0.411011	-0.470292	-0.000663	0.000918	0.000142	0.711487	0.445294	-0.471823	-0.000729	0.001264	0.000233
0.303801	0.297559	-0.509598	-0.000459	0.000401	0.000264	0.533589	0.412674	-0.470137	-0.000777	0.001102	0.000063	0.710180	0.447585	-0.471597	-0.000855	0.001494	0.000041
0.303006	0.298254	-0.509149	-0.000553	0.000485	0.000295	0.532222	0.414651	-0.470122	-0.000933	0.001327	0.000004	0.708675	0.450252	-0.471721	-0.001022	0.001759	-0.000134
0.302002	0.299129	-0.508604	-0.000659	0.000581	0.000314	0.530541	0.417038	-0.470152	-0.001117	0.001580	-0.000043	0.706839	0.453378	-0.472090	-0.001221	0.002067	-0.000280
0.300777	0.300213	-0.508059	-0.000734	0.000649	0.000309	0.528487	0.419918	-0.470241	-0.001283	0.001819	-0.000103	0.704606	0.457089	-0.472674	-0.001414	0.002413	-0.000407
0.299436	0.301408	-0.507552	-0.000758	0.000670	0.000288	0.526152	0.423204	-0.470445	-0.001412	0.002027	-0.000198	0.702039	0.461415	-0.473447	-0.001591	0.002810	-0.000533
0.298234	0.302468	-0.507113	-0.000759	0.000665	0.000274	0.523777	0.426674	-0.470859	-0.001534	0.002239	-0.000331	0.699331	0.466341	-0.474431	-0.001786	0.003297	-0.000681
0.296964	0.303577	-0.506667	-0.000770	0.000667	0.000269	0.521133	0.430558	-0.471519	-0.001695	0.002498	-0.000503	0.696209	0.472230	-0.475659	-0.002042	0.003884	-0.000889
0.295660	0.304697	-0.506205	-0.000777	0.000666	0.000262	0.518163	0.434952	-0.472482	-0.001887	0.002795	-0.000717	0.692579	0.479240	-0.477274	-0.002239	0.004152	-0.001072
0.294309	0.305852	-0.505767	-0.000797	0.000676	0.000258	0.514815	0.439905	-0.473856	-0.002127	0.003124	-0.000938	0.688372	0.487357	-0.479489	-0.002365	0.004018	-0.001171
0.293123	0.306856	-0.505398	-0.000805	0.000673	0.000262	0.511223	0.445281	-0.475689	-0.002385	0.003434	-0.001130	0.684780	0.492733	-0.481322	-0.002577	0.004111	-0.001329
0.291533	0.308180	-0.504896	-0.000839	0.000686	0.000287	0.506799	0.451469	-0.477692	-0.002691	0.003735	-0.001254	0.680356	0.498921	-0.483324	-0.003032	0.004847	-0.001643
0.290387	0.309098	-0.504458	-0.000904	0.000725	0.000315	0.502333	0.457723	-0.479950	-0.003046	0.004026	-0.001332	0.674821	0.508785	-0.486732	-0.004048	0.006848	-0.002599
0.288656	0.310473	-0.503833	-0.000960	0.000761	0.000323	0.496793	0.464808	-0.482137	-0.003402	0.004272	-0.001413	0.668008	0.519772	-0.490504	-0.005078	0.008568	-0.003553
0.286964	0.311816	-0.503310	-0.001007	0.000791	0.000318	0.490768	0.472203	-0.484565	-0.003760	0.004477	-0.001508	0.656651	0.540365	-0.500136	-0.005741	0.009086	-0.003904
0.285353	0.313072	-0.502811	-0.001020	0.000793	0.000296	0.484347	0.479714	-0.487210	-0.004104	0.004628	-0.001617	0.647743	0.553022	-0.505455	-0.006046	0.008653	-0.003650
0.283619	0.314406	-0.502300	-0.001057	0.000818	0.000265	0.477183	0.487587	-0.489954	-0.004488	0.004769	-0.001723	0.637678	0.566398	-0.510823	-0.006350	0.008125	-0.003265
0.281799	0.315815	-0.501885	-0.001113	0.000863	0.000214	0.469339	0.495703	-0.492917	-0.004891	0.004883	-0.001827	0.626523	0.580268	-0.516312	-0.006993	0.008355	-0.003324
0.279950	0.317253	-0.501585	-0.001183	0.000919	0.000157	0.460900	0.503903	-0.496087	-0.005298	0.004953	-0.001906	0.614370	0.594373	-0.521925	-0.007625	0.008467	-0.003374
0.277892	0.318859	-0.501381	-0.001276	0.000987	0.000114	0.451716	0.512231	-0.499345	-0.005720	0.004988	-0.001930	0.601118	0.608599	-0.527588	-0.008251	0.008474	-0.003399
0.275698	0.320556	-0.501236	-0.001390	0.001062	0.000085	0.441823	0.520586	-0.502590	-0.006151	0.004991	-0.001896	0.586833	0.622738	-0.533287	-0.008870	0.008398	-0.003387
0.273290	0.322382	-0.501098	-0.001504	0.001133	0.000054	0.431220	0.528896	-0.505714	-0.006561	0.004949	-0.001822	0.571548	0.636645	-0.538936	-0.009460	0.008258	-0.003325
0.270656	0.324349	-0.501018	-0.001612	0.001196	0.000012	0.419889	0.537145	-0.508674	-0.006926	0.004857	-0.001721	0.555245	0.650302	-0.544447	-0.010012	0.008079	-0.003187
0.267892	0.326392	-0.501057	-0.001701	0.001240	-0.000029	0.408043	0.545162	-0.511482	-0.007226	0.004705	-0.001593	0.538104	0.663615	-0.549676	-0.010504	0.007857	-0.002964
0.264980	0.328501	-0.501153	-0.001782	0.001267	-0.000049	0.395736	0.552885	-0.514034	-0.007469	0.004505	-0.001431	0.520154	0.676557	-0.554420	-0.010935	0.007583	-0.002671
0.261959	0.330626	-0.501253	-0.001865	0.001287	-0.000050	0.383116	0.560205	-0.516286	-0.007678	0.004280	-0.001242	0.501596	0.688956	-0.558607	-0.011316	0.007261	-0.002354
0.258773	0.332788	-0.501315	-0.001951	0.001305	-0.000053	0.370130	0.567152	-0.518183	-0.007859	0.004044	-0.001061	0.482404	0.700795	-0.562223	-0.011642	0.006885	-0.002087
0.255450	0.334977	-0.501396	-0.002036	0.001321	-0.000065	0.356872	0.573698	-0.519756	-0.008014	0.003800	-0.000920	0.462692	0.711982	-0.565418	-0.011906	0.006455	-0.001912
0.251981	0.337200	-0.501537	-0.002124	0.001334	-0.000079	0.343390	0.579831	-0.521178	-0.008162	0.003551	-0.000828	0.442633	0.722376	-0.568477	-0.012120	0.005984	-0.001821
0.248391	0.339422	-0.501682	-0.002225	0.001348	-0.000084	0.329713	0.585522	-0.522488	-0.008334	0.003309	-0.000771	0.422308	0.731920	-0.571472	-0.012324	0.005509	-0.001761
0.244596	0.341683	-0.501823	-0.002342	0.001363	-0.000078	0.315671	0.590841	-0.523734	-0.008539	0.003073	-0.000722	0.401590	0.740702	-0.574378	-0.012545	0.005052	-0.001682
0.240586	0.343974	-0.501949	-0.002463	0.001372	-0.000061	0.301251	0.595775	-0.524911	-0.008764	0.002832	-0.000661	0.380494	0.748743	-0.577131	-0.012778	0.004613	-0.001555
0.236364	0.346279	-0.502048	-0.002568	0.001363	-0.000036	0.286458	0.600306	-0.525978	-0.008704	0.002543	-0.000557	0.358997	0.756075	-0.579637	-0.012733	0.004150	-0.001352
0.231989	0.348544	-0.502068	-0.002634	0.001334	-0.000023	0.271289	0.604381	-0.526851	-0.008594	0.002238	-0.000448	0.337119	0.762674	-0.581761	-0.012647	0.003697	-0.001111
0.227518	0.350747	-0.502065	-0.002663	0.001291	-0.000039	0.258595	0.607663	-0.527361	-0.008415	0.001944	-0.000369	0.317639	0.768268	-0.583264	-0.012505	0.003271	-0.000879
0.223097	0.352849	-0.502167	-0.002673	0.001245	-0.000080	0.243173	0.610803	-0.528009	-0.008450	0.001680	-0.000337	0.295381	0.773516	-0.584618	-0.012596	0.002887	-0.000689
0.218631	0.354888	-0.502339	-0.002697	0.001206	-0.000124	0.230419	0.613321	-0.528506	-0.008730	0.001431	-0.000326	0.275682	0.777944	-0.585568	-0.012955	0.002517	-0.000534
0.214144	0.356857	-0.502598	-0.002759	0.001175	-0.000146	0.214968	0.615526	-0.529075	-0.009013	0.001162	-0.000301	0.253121	0.781869	-0.586345	-0.013335	0.002115	-0.000398
0.209500	0.358794	-0.502871	-0.002870	0.001153	-0.000135	0.199503	0.617250	-0.529554	-0.009335	0.000892	-0.000270	0.230350	0.785082	-0.586879	-0.013745	0.001688	-0.000305
0.204638	0.360697	-0.503096	-0.003028	0.001131	-0.000078	0.183961	0.618498	-0.529968	-0.009454	0.000601	-0.000213	0.207366	0.787530	-0.587292	-0.013916	0.001209	-0.000243
0.199442	0.362576	-0.503189	-0.003198	0.001099	0.000008	0.168080	0.619271	-0.530312	-0.009620	0.000297	-0.000133	0.183986	0.789160	-0.587673	-0.014084	0.000695	-0.000201
0.193922	0.364389	-0.503061	-0.003331	0.001049	0.000082	0.151850	0.619518	-0.530452	-0.009764	-0.000028	-0.000038	0.160330	0.789883	-0.587978	-0.014195	0.000155	-0.000157
0.188231	0.366094	-0.502828	-0.003387	0.000978	0.000122	0.135410	0.619197	-0.530399	-0.009827	-0.000377	0.000053	0.136546	0.789676	-0.588203	-0.014213	-0.000393	-0.000089
0.182543	0.367670	-0.502634	-0.003370	0.000892	0.000131	0.118995	0.618288	-0.530260	-0.009802	-0.000744	0.000122	0.112860	0.788568	-0.588336	-0.014152	-0.000940	0.000004
0.176950	0.369075	-0.502397	-0.003305	0.000801	0.000117	0.102666	0.616729	-0.529978	-0.009713	-0.001119	0.000166	0.089322	0.786543	-0.588209	-0.014049	-0.001481	0.000107
0.171506	0.370323	-0.502187	-0.003222	0.000717	0.000078	0.086571	0.614543	-0.529648	-0.009589	-0.001489	0.000181	0.066031	0.783620	-0.587929	-0.013940	-0.002016	0.000195
0.166222	0.371447	-0.502105	-0.003157	0.000647	0.000016	0.070702	0.611749	-0.529350	-0.009473	-0.001850	0.000168	0.042886	0.779813	-0.587540	-0.013860	-0.002551	0.000257
0.161046	0.372466	-0.502149	-0.003160	0.000590	-0.000032	0.055066	0.608378	-0.529077	-0.009417	-0.002206	0.000148	0.019897	0.775133	-0.587055	-0.013848	-0.003089	0.000311
0.155837	0.373401	-0.502273	-0.002669	0.000462	-0.000043	0.039442	0.604391	-0.528870	-0.008847	-0.002633	0.000149	-0.003148	0.769522	-0.586518	-0.013128	-0.003648	0.000369
0.150288	0.374266	-0.502342	-0.001631	0.000266	-0.000026	0.023659	0.599841	-0.528646	-0.007697	-0.003117	0.000178	-0.026417	0.763018	-0.585840	-0.011811	-0.004266	0.000441
0.150288	0.374266	-0.502342	-0.001098	0.000160	-0.000015	0.013639	0.593958	-0.528293	-0.007019	-0.003495	0.000223	-0.042077	0.755444	-0.585070	-0.011126	-0.004838	0.000515
0.150288	0.374266	-0.502342	-0.001630	0.000206	-0.000014	0.003902	0.587645	-0.527872	-0.007395	-0.003716	0.000277	-0.059283	0.746556	-0.584090	-0.011645	-0.005318	0.000578
0.144853	0.375000	-0.502428	-0.003780	0.000383	-0.000038	-0.010990	0.581640	-0.527413	-0.009397	-0.003816	0.000311	-0.081539	0.737606	-0.583116	-0.013758	-0.005686	0.000598
0.139421	0.375592	-0.502391	-0.005368	0.000448	-0.000085	-0.025663	0.575003	-0.526761	-0.010856	-0.004054	0.000333	-0.103410	0.727674	-0.582009	-0.015119	-0.006132	0.000587
0.123354	0.376768	-0.502677	-0.005323	0.000348	-0.000139	-0.050763	0.568436	-0.526294	-0.010693	-0.004484	0.000360	-0.135530	0.717463	-0.581165	-0.014852	-0.006764	0.000592
0.118103	0.376977	-0.502946	-0.004193	0.000183	-0.000175	-0.064885	0.560310	-0.525658	-0.009436	-0.004992	0.000423	-0.156480	0.705378	-0.580165	-0.013498	-0.007469	0.000662
0.112939	0.377091	-0.503264	-0.003055	0.000034	-0.000162	-0.078703	0.551493	-0.524911	-0.008142	-0.005483	0.000546	-0.176994	0.692259	-0.579035	-0.012115	-0.008148	0.000837
0.107910	0.377102	-0.503555	-0.002975	-0.000031	-0.000120	-0.092084	0.542024	-0.523916	-0.007865	-0.005871	0.000711	-0.196924	0.678187	-0.577523	-0.011759	-0.008716	0.001112
0.103002	0.376988	-0.503693	-0.002875	-0.000096	-0.000055	-0.104989	0.531889	-0.522580	-0.007520	-0.006223	0.000908	-0.216237	0.663171	-0.575443	-0.011341	-0.009237	0.001485
0.098291	0.376770	-0.503722	-0.002755	-0.000150	-0.000010	-0.117247	0.521201	-0.520883	-0.007105	-0.006513	0.001083	-0.234822	0.647306	-0.572642	-0.010864	-0.009696	0.001890
0.093804	0.376462	-0.503644	-0.002614	-0.000185	-0.000015	-0.128736	0.510086	-0.518867	-0.006636	-0.006743	0.001197	-0.252508	0.630775	-0.569068	-0.010334	-0.010110	0.002256
0.089558	0.376129	-0.503706	-0.002462	-0.000205	-0.000057	-0.139390	0.498696	-0.516804	-0.006136	-0.006925	0.001262	-0.269293	0.613623	-0.564997	-0.009764	-0.010504	0.002546
0.085593	0.375776	-0.503861	-0.002322	-0.000219	-0.000101	-0.149207	0.486965	-0.514685	-0.005645	-0.007097	0.001316	-0.285109	0.595755	-0.560524	-0.009182	-0.010928	0.002756
0.081878	0.375405	-0.504074	-0.002227	-0.000241	-0.000109	-0.158136	0.475076	-0.512447	-0.005200	-0.007285	0.001396	-0.299858	0.577289	-0.555725	-0.008603	-0.011385	0.002895
0.078259	0.374994	-0.504288	-0.002095	-0.000257	-0.000092	-0.166445	0.462733	-0.510066	-0.004720	-0.007493	0.001479	-0.313766	0.557832	-0.550783	-0.007932	-0.011848	0.002938
0.074623	0.374500	-0.504366	-0.001993	-0.000277	-0.000062	-0.174153	0.450080	-0.507461	-0.004265	-0.007718	0.001549	-0.326663	0.537697	-0.545791	-0.007228	-0.012279	0.002900
0.071900	0.374110	-0.504487	-0.001989	-0.000312	-0.000025	-0.180392	0.437037	-0.504885	-0.003892	-0.007964	0.001596	-0.337626	0.516869	-0.541077	-0.006197	-0.011862	0.002642
0.068308	0.373517	-0.504492	-0.002047	-0.000351	-0.000017	-0.186835	0.423595	-0.502141	-0.003545	-0.008032	0.001665	-0.348281	0.495461	-0.536435	-0.004860	-0.010403	0.002259
0.064689	0.372852	-0.504414	-0.002048	-0.000372	-0.000036	-0.192678	0.409578	-0.499427	-0.003141	-0.008318	0.001637	-0.354123	0.481444	-0.533720	-0.003562	-0.009115	0.001827
0.061367	0.372251	-0.504607	-0.001906	-0.000360	-0.000083	-0.197319	0.397223	-0.496266	-0.002586	-0.008570	0.001594	-0.358764	0.469090	-0.530559	-0.002586	-0.008570	0.001594
0.058357	0.371659	-0.504737	-0.001755	-0.000341	-0.000135	-0.201318	0.380226	-0.494393	-0.002008	-0.008503	0.001628	-0.362763	0.452093	-0.528687	-0.002382	-0.009314	0.001805
0.055577	0.371110	-0.504999	-0.001639	-0.000326	-0.000182	-0.204052	0.367250	-0.491239	-0.001467	-0.008091	0.001725	-0.365498	0.439117	-0.525532	-0.002543	-0.010536	0.002270
0.052926	0.370583	-0.505370	-0.001560	-0.000319	-0.000213	-0.206029	0.354524	-0.488174	-0.000986	-0.007556	0.001817	-0.371206	0.418275	-0.520700	-0.003438	-0.015100	0.004110
0.050408	0.370069	-0.505788	-0.001517	-0.000326	-0.000208	-0.207278	0.342015	-0.485240	-0.000601	-0.007393	0.001779	-0.375756	0.397551	-0.515842	-0.003788	-0.019216	0.005772
0.047923	0.369510	-0.506074	-0.001505	-0.000346	-0.000177	-0.207955	0.329902	-0.482223	-0.000269	-0.007238	0.001732	-0.386886	0.342658	-0.497273	-0.002835	-0.019019	0.005942
0.045410	0.368921	-0.506377	-0.001502	-0.000376	-0.000106	-0.208136	0.317946	-0.479402	0.000036	-0.007122	0.001668	-0.387702	0.322572	-0.491236	-0.001157	-0.015293	0.004618
0.042875	0.368274	-0.506556	-0.001478	-0.000413	0.000028	-0.207860	0.306217	-0.476688	0.000340	-0.007026	0.001603	-0.387613	0.303064	-0.485887	0.000305	-0.011383	0.003147
0.040436	0.367548	-0.506362	-0.001414	-0.000441	0.000179	-0.207014	0.294482	-0.474096	0.000659	-0.006894	0.001538	-0.386602	0.284213	-0.481048	0.000857	-0.011227	0.002757
0.038117	0.366756	-0.505808	-0.001317	-0.000443	0.000256	-0.205678	0.283103	-0.471496	0.000970	-0.006665	0.001434	-0.384932	0.267190	-0.475991	0.001383	-0.011117	0.002385
0.036032	0.366028	-0.505335	-0.001218	-0.000420	0.000229	-0.203732	0.272116	-0.469214	0.001220	-0.006298	0.001284	-0.381815	0.246175	-0.473559	0.001802	-0.010713	0.002157
0.034112	0.365367	-0.505022	-0.001149	-0.000393	0.000154	-0.201440	0.261934	-0.467229	0.001363	-0.005824	0.001130	-0.378572	0.229930	-0.469523	0.002047	-0.009848	0.002138
0.032258	0.364742	-0.504858	-0.001121	-0.000386	0.000115	-0.199053	0.252673	-0.465527	0.001396	-0.005313	0.001041	-0.374940	0.214346	-0.465951	0.002137	-0.008790	0.002220
0.030399	0.364111	-0.504742	-0.001109	-0.000401	0.000158	-0.196730	0.244302	-0.463882	0.001369	-0.004847	0.001032	-0.371337	0.200540	-0.462218	0.002174	-0.008067	0.002164
0.028537	0.363429	-0.504465	-0.001087	-0.000432	0.000289	-0.194486	0.236614	-0.462153	0.001334	-0.004463	0.001072	-0.367683	0.187664	-0.458666	0.002168	-0.007387	0.002101
0.026741	0.362673	-0.503834	0.000000	0.000000	0.000000	-0.192317	0.229526	-0.460281	0.000000	0.000000	0.000000	-0.364094	0.175938	-0.455169	0.000000	0.000000	0.000000
0.025050	0.361864	-0.502880	0.000000	0.000000	0.000000	-0.190127	0.222823	-0.458409	0.000000	0.000000	0.000000	-0.360507	0.165074	-0.451987	0.000000	0.000000	0.000000
