0.161097	0.318025	-0.390835	0.000000	0.000000	0.000000	-0.066475	0.194537	-0.414763	0.000000	0.000000	0.000000	-0.215824	0.094208	-0.408891	0.000000	0.000000	0.000000
0.161085	0.318034	-0.390842	0.000000	0.000000	0.000000	-0.066301	0.194224	-0.414883	0.000000	0.000000	0.000000	-0.215432	0.093569	-0.409054	0.000000	0.000000	0.000000
0.161072	0.318047	-0.390854	-0.000010	0.000007	-0.000006	-0.066255	0.194142	-0.414957	0.000083	-0.000154	-0.000061	-0.215187	0.093191	-0.409148	0.000202	-0.000330	-0.000074
0.161059	0.318057	-0.390863	-0.000026	0.000013	-0.000008	-0.066060	0.193791	-0.415081	0.000074	-0.000161	-0.000057	-0.214826	0.092595	-0.409300	0.000199	-0.000345	-0.000066
0.161021	0.318072	-0.390869	-0.000048	0.000024	-0.000015	-0.065885	0.193434	-0.415170	0.000058	-0.000162	-0.000054	-0.214412	0.091887	-0.409383	0.000177	-0.000337	-0.000058
0.160873	0.318138	-0.390908	-0.000069	0.000040	-0.000029	-0.065931	0.193322	-0.415241	0.000039	-0.000150	-0.000056	-0.214220	0.091426	-0.409474	0.000138	-0.000295	-0.000059
0.160775	0.318206	-0.390963	-0.000085	0.000057	-0.000045	-0.065807	0.192995	-0.415339	0.000021	-0.000132	-0.000063	-0.214020	0.090990	-0.409552	0.000089	-0.000232	-0.000066
0.160616	0.318321	-0.391057	-0.000099	0.000073	-0.000061	-0.065753	0.192732	-0.415476	0.000002	-0.000108	-0.000066	-0.213839	0.090543	-0.409717	0.000039	-0.000162	-0.000073
0.160423	0.318458	-0.391171	-0.000120	0.000092	-0.000078	-0.065852	0.192699	-0.415566	-0.000041	-0.000054	-0.000060	-0.213898	0.090451	-0.409802	-0.000039	-0.000058	-0.000073
0.160235	0.318616	-0.391310	-0.000141	0.000112	-0.000097	-0.065869	0.192541	-0.415672	-0.000086	0.000004	-0.000055	-0.213953	0.090347	-0.409954	-0.000126	0.000061	-0.000065
0.159959	0.318827	-0.391490	-0.000157	0.000128	-0.000113	-0.066097	0.192647	-0.415747	-0.000130	0.000067	-0.000044	-0.214291	0.090610	-0.410043	-0.000184	0.000145	-0.000048
0.159666	0.319074	-0.391711	-0.000173	0.000145	-0.000130	-0.066367	0.192828	-0.415846	-0.000181	0.000140	-0.000031	-0.214703	0.090999	-0.410121	-0.000220	0.000198	-0.000029
0.159424	0.319281	-0.391899	-0.000191	0.000169	-0.000155	-0.066654	0.193080	-0.415836	-0.000232	0.000218	-0.000026	-0.214990	0.091250	-0.410112	-0.000265	0.000267	-0.000013
0.159036	0.319614	-0.392201	-0.000209	0.000201	-0.000191	-0.067123	0.193511	-0.415896	-0.000288	0.000313	-0.000035	-0.215459	0.091682	-0.410172	-0.000349	0.000405	-0.000002
0.158678	0.319980	-0.392555	-0.000220	0.000234	-0.000230	-0.067660	0.194142	-0.415954	-0.000344	0.000426	-0.000058	-0.216184	0.092594	-0.410124	-0.000594	0.000802	0.000014
0.158323	0.320386	-0.392961	-0.000217	0.000261	-0.000265	-0.068238	0.194900	-0.416082	-0.000394	0.000546	-0.000082	-0.216998	0.093705	-0.410128	-0.000879	0.001279	-0.000003
0.157941	0.320854	-0.393440	-0.000214	0.000287	-0.000301	-0.068974	0.195948	-0.416232	-0.000393	0.000585	-0.000143	-0.219393	0.097251	-0.410017	-0.001030	0.001555	-0.000102
0.157604	0.321346	-0.393965	-0.000204	0.000313	-0.000338	-0.069743	0.197170	-0.416436	-0.000326	0.000517	-0.000241	-0.221036	0.099812	-0.410307	-0.000988	0.001544	-0.000262
0.157260	0.321894	-0.394562	-0.000188	0.000333	-0.000370	-0.070087	0.197718	-0.417033	-0.000231	0.000406	-0.000338	-0.222446	0.102033	-0.410964	-0.000870	0.001423	-0.000401
0.156966	0.322476	-0.395221	-0.000167	0.000344	-0.000393	-0.070381	0.198300	-0.417692	-0.000167	0.000344	-0.000393	-0.223829	0.104361	-0.411798	-0.000855	0.001468	-0.000456
0.156698	0.323054	-0.395887	-0.000141	0.000347	-0.000407	-0.070649	0.198878	-0.418358	-0.000196	0.000442	-0.000374	-0.225304	0.106935	-0.412538	-0.000921	0.001663	-0.000415
0.156492	0.323628	-0.396569	-0.000110	0.000347	-0.000418	-0.070855	0.199452	-0.419040	-0.000289	0.000659	-0.000315	-0.226729	0.109587	-0.413296	-0.001053	0.001990	-0.000312
0.156325	0.324213	-0.397281	-0.000072	0.000290	-0.000356	-0.071571	0.200987	-0.419423	-0.000954	0.001934	0.000111	-0.228757	0.113441	-0.413618	-0.001762	0.003396	0.000172
0.156236	0.324790	-0.398009	-0.000035	0.000174	-0.000217	-0.072352	0.202785	-0.419778	-0.001680	0.003322	0.000636	-0.230906	0.117751	-0.413838	-0.002544	0.004952	0.000764
0.156236	0.324790	-0.398009	-0.000010	0.000112	-0.000143	-0.078689	0.214883	-0.416508	-0.001921	0.003883	0.000833	-0.238744	0.132730	-0.410279	-0.002846	0.005714	0.001024
0.156236	0.324790	-0.398009	0.000006	0.000158	-0.000210	-0.080542	0.218779	-0.415598	-0.001618	0.003546	0.000604	-0.242180	0.139817	-0.408993	-0.002608	0.005610	0.000830
0.156221	0.325331	-0.398715	0.000061	0.000366	-0.000501	-0.082595	0.223822	-0.415274	-0.001179	0.003208	0.000099	-0.245947	0.148510	-0.408228	-0.002233	0.005540	0.000322
0.156309	0.325833	-0.399400	0.000137	0.000523	-0.000735	-0.084630	0.229307	-0.414972	-0.001158	0.003683	-0.000124	-0.249787	0.158074	-0.407590	-0.002268	0.006306	0.000062
0.156771	0.327403	-0.401629	0.000187	0.000526	-0.000758	-0.086388	0.236439	-0.416140	-0.001135	0.003992	-0.000146	-0.253467	0.169873	-0.408460	-0.002279	0.006908	-0.000021
0.157056	0.327945	-0.402443	0.000192	0.000425	-0.000630	-0.088324	0.242991	-0.415967	-0.001132	0.004184	-0.000016	-0.257336	0.181518	-0.408136	-0.002278	0.007372	0.000027
0.157344	0.328476	-0.403251	0.000177	0.000327	-0.000499	-0.090255	0.250054	-0.415743	-0.001126	0.004377	0.000118	-0.261189	0.194148	-0.407894	-0.002244	0.007828	0.000075
0.157656	0.329013	-0.404079	0.000175	0.000344	-0.000527	-0.092087	0.257537	-0.415526	-0.001087	0.004702	0.000091	-0.264844	0.207515	-0.407891	-0.002147	0.008379	-0.000055
0.157940	0.329604	-0.404984	0.000168	0.000370	-0.000566	-0.093881	0.265659	-0.415400	-0.001034	0.005067	0.000051	-0.268402	0.222153	-0.407958	-0.002042	0.009221	0.000004
0.158208	0.330257	-0.405978	0.000160	0.000398	-0.000608	-0.095571	0.274408	-0.415398	-0.000959	0.005459	0.000011	-0.271590	0.237303	-0.408623	-0.001871	0.009979	0.000013
0.158472	0.330930	-0.407009	0.000160	0.000421	-0.000648	-0.097116	0.283848	-0.415360	-0.000844	0.005865	-0.000026	-0.274861	0.256566	-0.407124	-0.001596	0.010496	-0.000126
0.158724	0.331663	-0.408134	0.000179	0.000434	-0.000679	-0.098443	0.293940	-0.415453	-0.000673	0.006273	-0.000076	-0.277092	0.272893	-0.408597	-0.001223	0.010890	-0.000344
0.159027	0.332412	-0.409309	0.000222	0.000433	-0.000698	-0.099446	0.304779	-0.415607	-0.000435	0.006643	-0.000169	-0.278859	0.291521	-0.409243	-0.000771	0.011335	-0.000542
0.159441	0.333116	-0.410466	0.000278	0.000428	-0.000716	-0.099973	0.316203	-0.415910	-0.000142	0.006858	-0.000371	-0.279821	0.311249	-0.409945	-0.000278	0.011883	-0.000684
0.159971	0.333812	-0.411661	0.000305	0.000413	-0.000711	-0.099939	0.328010	-0.416591	0.000174	0.007276	-0.000425	-0.279839	0.331557	-0.411194	0.000277	0.012474	-0.000823
0.160558	0.334542	-0.412941	0.000306	0.000415	-0.000724	-0.099367	0.339284	-0.418180	0.000495	0.007697	-0.000462	-0.278893	0.351690	-0.413485	0.000858	0.013017	-0.001003
0.160963	0.335120	-0.413947	0.000308	0.000447	-0.000782	-0.098314	0.354455	-0.417589	0.000820	0.007832	-0.000671	-0.277020	0.375817	-0.413929	0.001459	0.013229	-0.001391
0.161512	0.335962	-0.415417	0.000333	0.000497	-0.000880	-0.096650	0.366730	-0.419538	0.001166	0.007679	-0.001049	-0.274059	0.397160	-0.417236	0.002094	0.013114	-0.001962
0.162101	0.336858	-0.417008	0.000378	0.000544	-0.000982	-0.094455	0.378884	-0.421945	0.001542	0.007499	-0.001411	-0.270083	0.418379	-0.421358	0.002771	0.012944	-0.002497
0.162751	0.337777	-0.418682	0.000432	0.000568	-0.001056	-0.091566	0.391650	-0.424312	0.001955	0.007646	-0.001526	-0.264887	0.440265	-0.425676	0.003496	0.013081	-0.002745
0.163507	0.338742	-0.420500	0.000505	0.000585	-0.001131	-0.087973	0.404530	-0.426928	0.002410	0.007771	-0.001635	-0.258481	0.462148	-0.430454	0.004275	0.013185	-0.002950
0.164426	0.339755	-0.422490	0.000591	0.000586	-0.001188	-0.083580	0.417542	-0.429812	0.002899	0.007841	-0.001740	-0.250700	0.484199	-0.435588	0.005101	0.013220	-0.003120
0.165475	0.340729	-0.424509	0.000682	0.000562	-0.001208	-0.078346	0.430699	-0.432793	0.003408	0.007856	-0.001814	-0.241516	0.506291	-0.440950	0.005945	0.013167	-0.003223
0.166695	0.341649	-0.426549	0.000775	0.000517	-0.001197	-0.072202	0.443889	-0.435851	0.003918	0.007783	-0.001875	-0.230839	0.528322	-0.446384	0.006770	0.012970	-0.003267
0.168055	0.342465	-0.428516	0.000878	0.000466	-0.001179	-0.065272	0.456744	-0.439032	0.004409	0.007599	-0.001955	-0.218894	0.549696	-0.451889	0.007546	0.012608	-0.003277
0.169593	0.343194	-0.430455	0.000995	0.000415	-0.001172	-0.057478	0.469325	-0.442325	0.004869	0.007320	-0.002053	-0.205622	0.570490	-0.457319	0.008256	0.012111	-0.003275
0.171354	0.343840	-0.432397	0.001122	0.000370	-0.001183	-0.048982	0.481253	-0.445864	0.005285	0.006971	-0.002145	-0.191277	0.590207	-0.462786	0.008906	0.011531	-0.003287
0.173347	0.344422	-0.434391	0.001245	0.000331	-0.001210	-0.039798	0.492581	-0.449552	0.005647	0.006585	-0.002203	-0.175893	0.608918	-0.468240	0.009518	0.010924	-0.003351
0.175517	0.344935	-0.436412	0.001353	0.000299	-0.001248	-0.030105	0.503197	-0.453258	0.005968	0.006211	-0.002216	-0.159565	0.626575	-0.473834	0.009938	0.010197	-0.003425
0.177875	0.345412	-0.438538	0.001445	0.000271	-0.001291	-0.019882	0.513234	-0.456960	0.006279	0.005876	-0.002204	-0.142155	0.643364	-0.479785	0.010377	0.009525	-0.003549
0.180355	0.345844	-0.440731	0.001516	0.000244	-0.001334	-0.009214	0.522705	-0.460618	0.006607	0.005602	-0.002185	-0.125639	0.657732	-0.485486	0.010798	0.008916	-0.003642
0.182956	0.346219	-0.442978	0.001569	0.000217	-0.001370	0.002103	0.531831	-0.464232	0.006956	0.005365	-0.002174	-0.106050	0.673014	-0.492082	0.011356	0.008450	-0.003717
0.185600	0.346573	-0.445314	0.001612	0.000184	-0.001395	0.013985	0.540615	-0.467835	0.007306	0.005120	-0.002185	-0.087688	0.686082	-0.497960	0.012012	0.008046	-0.003766
0.188319	0.346853	-0.447657	0.001641	0.000142	-0.001393	0.026478	0.548969	-0.471487	0.007612	0.004824	-0.002204	-0.066546	0.699514	-0.504478	0.012533	0.007523	-0.003731
0.191114	0.347050	-0.449999	0.001675	0.000080	-0.001357	0.039469	0.556763	-0.475208	0.007854	0.004450	-0.002214	-0.045019	0.711697	-0.510745	0.012920	0.006917	-0.003617
0.193852	0.347156	-0.452220	0.001718	0.000006	-0.001300	0.052740	0.563921	-0.478902	0.007996	0.003997	-0.002211	-0.023386	0.722631	-0.516603	0.012982	0.006130	-0.003384
0.196819	0.347071	-0.454318	0.001763	-0.000068	-0.001244	0.066261	0.570159	-0.482556	0.007774	0.003383	-0.002165	-0.001649	0.732139	-0.522006	0.012699	0.005232	-0.003109
0.199797	0.346892	-0.456341	0.001794	-0.000137	-0.001188	0.079643	0.575540	-0.486248	0.007484	0.002790	-0.002105	0.019900	0.740376	-0.527057	0.012377	0.004385	-0.002865
0.202797	0.346630	-0.458320	0.001806	-0.000205	-0.001119	0.090310	0.578978	-0.489508	0.007419	0.002363	-0.002038	0.038687	0.746270	-0.531386	0.012315	0.003712	-0.002701
0.205811	0.346222	-0.460101	0.001830	-0.000282	-0.001038	0.103527	0.583008	-0.492997	0.007631	0.002086	-0.001942	0.060043	0.752348	-0.535873	0.012575	0.003184	-0.002612
0.208863	0.345686	-0.461743	0.001872	-0.000363	-0.000966	0.116568	0.586325	-0.496184	0.007878	0.001831	-0.001802	0.081357	0.757288	-0.540197	0.012913	0.002668	-0.002555
0.212032	0.345013	-0.463300	0.001932	-0.000445	-0.000911	0.129693	0.589057	-0.498990	0.007921	0.001477	-0.001622	0.102981	0.761199	-0.544367	0.013059	0.002044	-0.002470
0.215293	0.344211	-0.464781	0.002003	-0.000533	-0.000859	0.142927	0.591240	-0.501534	0.008014	0.001138	-0.001482	0.124875	0.764097	-0.548438	0.013192	0.001435	-0.002379
0.218701	0.343249	-0.466177	0.002082	-0.000631	-0.000800	0.156374	0.592861	-0.503868	0.008130	0.000790	-0.001398	0.147114	0.765983	-0.552328	0.013207	0.000831	-0.002277
0.222222	0.342121	-0.467454	0.002159	-0.000736	-0.000729	0.170027	0.593899	-0.506122	0.008221	0.000426	-0.001366	0.169147	0.766857	-0.556022	0.013034	0.000242	-0.002177
0.225928	0.340792	-0.468623	0.002202	-0.000831	-0.000649	0.183897	0.594296	-0.508381	0.008217	0.000061	-0.001365	0.190780	0.766748	-0.559549	0.012661	-0.000307	-0.002095
0.229652	0.339311	-0.469623	0.002190	-0.000901	-0.000565	0.197612	0.594064	-0.510682	0.008084	-0.000279	-0.001371	0.211545	0.765748	-0.562987	0.011557	-0.000677	-0.001933
0.233294	0.337748	-0.470496	0.002124	-0.000943	-0.000480	0.210957	0.593304	-0.512962	0.007852	-0.000577	-0.001357	0.231323	0.764022	-0.566310	0.009843	-0.000847	-0.001680
0.236754	0.336157	-0.471232	0.002041	-0.000968	-0.000405	0.223808	0.592100	-0.515246	0.007596	-0.000832	-0.001308	0.244174	0.762818	-0.568594	0.008836	-0.001041	-0.001508
0.240071	0.334521	-0.471815	0.001972	-0.000986	-0.000358	0.236219	0.590488	-0.517390	0.007379	-0.001052	-0.001228	0.256585	0.761206	-0.570738	0.009149	-0.001406	-0.001510
0.243285	0.332862	-0.472352	0.001614	-0.000832	-0.000287	0.248312	0.588555	-0.519333	0.006898	-0.001074	-0.001069	0.274646	0.758152	-0.573638	0.010973	-0.002066	-0.001690
0.246484	0.331178	-0.472958	0.000961	-0.000503	-0.000175	0.260245	0.586324	-0.521153	0.006129	-0.000903	-0.000852	0.292341	0.754630	-0.576365	0.011933	-0.002510	-0.001694
0.246484	0.331178	-0.472958	0.000641	-0.000343	-0.000124	0.268760	0.585526	-0.522175	0.005680	-0.000891	-0.000712	0.318149	0.748738	-0.579866	0.011508	-0.002715	-0.001495
0.246484	0.331178	-0.472958	0.000973	-0.000535	-0.000190	0.277064	0.584488	-0.523064	0.005864	-0.001222	-0.000713	0.332416	0.745525	-0.581446	0.010571	-0.002905	-0.001267
0.249697	0.329437	-0.473594	0.002245	-0.001319	-0.000369	0.288298	0.581480	-0.524539	0.006973	-0.002133	-0.000849	0.349654	0.740110	-0.583508	0.010489	-0.003611	-0.001177
0.253001	0.327567	-0.474221	0.003153	-0.001942	-0.000443	0.299349	0.578148	-0.525920	0.007712	-0.002870	-0.000888	0.366546	0.734203	-0.585390	0.011085	-0.004417	-0.001161
0.262422	0.321598	-0.475387	0.003057	-0.001976	-0.000350	0.316206	0.570536	-0.527813	0.007454	-0.003006	-0.000757	0.388907	0.723947	-0.587686	0.010604	-0.004573	-0.000982
0.265286	0.319600	-0.475590	0.002316	-0.001584	-0.000194	0.326273	0.566732	-0.528674	0.006558	-0.002701	-0.000548	0.404014	0.717520	-0.588880	0.009452	-0.004255	-0.000737
0.267985	0.317640	-0.475726	0.001600	-0.001176	-0.000082	0.335918	0.562835	-0.529356	0.005685	-0.002363	-0.000363	0.418226	0.711066	-0.589840	0.008340	-0.003895	-0.000527
0.270593	0.315681	-0.475825	0.001545	-0.001165	-0.000085	0.345215	0.558834	-0.529858	0.005461	-0.002404	-0.000283	0.431743	0.704533	-0.590604	0.007932	-0.003925	-0.000428
0.273117	0.313755	-0.475969	0.001484	-0.001139	-0.000101	0.354113	0.554802	-0.530256	0.005219	-0.002413	-0.000215	0.444583	0.697988	-0.591236	0.007568	-0.003945	-0.000335
0.275604	0.311841	-0.476194	0.001429	-0.001117	-0.000117	0.362689	0.550729	-0.530604	0.004976	-0.002411	-0.000152	0.456975	0.691352	-0.591765	0.007253	-0.003971	-0.000231
0.277812	0.310091	-0.476371	0.001379	-0.001106	-0.000111	0.370636	0.546811	-0.530764	0.004736	-0.002408	-0.000079	0.468674	0.684801	-0.592025	0.006967	-0.004001	-0.000099
0.280189	0.308173	-0.476589	0.001334	-0.001105	-0.000084	0.378449	0.542715	-0.530871	0.004502	-0.002406	0.000001	0.480177	0.678011	-0.592122	0.006684	-0.004020	0.000056
0.282323	0.306367	-0.476685	0.001237	-0.001059	-0.000048	0.385716	0.538736	-0.530776	0.004214	-0.002349	0.000071	0.491055	0.671315	-0.591866	0.006316	-0.003952	0.000207
0.284428	0.304520	-0.476723	0.001129	-0.001002	-0.000009	0.392625	0.534745	-0.530584	0.003915	-0.002273	0.000130	0.501433	0.664636	-0.591368	0.005884	-0.003817	0.000338
0.285937	0.303156	-0.476715	0.001039	-0.000954	0.000021	0.398596	0.531286	-0.530339	0.003639	-0.002195	0.000178	0.510574	0.658652	-0.590708	0.005426	-0.003634	0.000436
0.287862	0.301359	-0.476651	0.000991	-0.000941	0.000053	0.404716	0.527434	-0.530005	0.003413	-0.002145	0.000235	0.519501	0.652506	-0.589896	0.004996	-0.003453	0.000516
0.289279	0.299988	-0.476547	0.000982	-0.000964	0.000082	0.410015	0.524092	-0.529572	0.003232	-0.002119	0.000298	0.527249	0.647108	-0.588976	0.004620	-0.003299	0.000579
0.290995	0.298273	-0.476363	0.000972	-0.000980	0.000103	0.415340	0.520486	-0.529004	0.003050	-0.002079	0.000356	0.534720	0.641647	-0.587944	0.004276	-0.003149	0.000628
0.292627	0.296607	-0.476179	0.000963	-0.000995	0.000117	0.420287	0.517041	-0.528361	0.002879	-0.002030	0.000413	0.541560	0.636521	-0.586868	0.003980	-0.003014	0.000678
0.294232	0.294937	-0.475989	0.000905	-0.000958	0.000128	0.424947	0.513696	-0.527654	0.002668	-0.001928	0.000469	0.547953	0.631607	-0.585722	0.003679	-0.002848	0.000736
0.295675	0.293378	-0.475753	0.000834	-0.000909	0.000142	0.429203	0.510578	-0.526796	0.002451	-0.001810	0.000528	0.553815	0.627011	-0.584421	0.003404	-0.002691	0.000805
0.296994	0.291919	-0.475513	0.000760	-0.000855	0.000157	0.433108	0.507668	-0.525880	0.002232	-0.001681	0.000583	0.559254	0.622673	-0.583034	0.003150	-0.002540	0.000878
0.298206	0.290530	-0.475231	0.000000	0.000000	0.000000	0.436641	0.504970	-0.524855	0.000000	0.000000	0.000000	0.564298	0.618550	-0.581502	0.000000	0.000000	0.000000
0.299303	0.289236	-0.474936	0.000000	0.000000	0.000000	0.439828	0.502495	-0.523770	0.000000	0.000000	0.000000	0.568969	0.614665	-0.579858	0.000000	0.000000	0.000000
