0.090735	0.325182	-0.725613	0.000000	0.000000	0.000000	0.104500	0.529665	-0.885640	0.000000	0.000000	0.000000	0.102296	0.585516	-1.056757	0.000000	0.000000	0.000000
0.090519	0.325211	-0.725546	0.000000	0.000000	0.000000	0.104291	0.529799	-0.885437	0.000000	0.000000	0.000000	0.102031	0.585686	-1.056543	0.000000	0.000000	0.000000
0.090255	0.325275	-0.725427	-0.000175	0.000050	0.000089	0.104044	0.529944	-0.885215	-0.000158	0.000113	0.000171	0.101704	0.585866	-1.056307	-0.000240	0.000144	0.000182
0.089940	0.325383	-0.725245	-0.000207	0.000070	0.000120	0.103771	0.530179	-0.884865	-0.000185	0.000145	0.000217	0.101261	0.586159	-1.055937	-0.000310	0.000186	0.000232
0.089561	0.325514	-0.725023	-0.000242	0.000096	0.000158	0.103436	0.530416	-0.884503	-0.000227	0.000198	0.000291	0.100668	0.586478	-1.055544	-0.000391	0.000257	0.000313
0.089143	0.325676	-0.724754	-0.000288	0.000130	0.000211	0.103045	0.530774	-0.883979	-0.000299	0.000278	0.000400	0.099965	0.586935	-1.054982	-0.000486	0.000367	0.000433
0.088635	0.325940	-0.724338	-0.000358	0.000172	0.000277	0.102499	0.531330	-0.883190	-0.000410	0.000375	0.000535	0.099088	0.587655	-1.054132	-0.000607	0.000513	0.000585
0.087983	0.326259	-0.723824	-0.000446	0.000217	0.000352	0.101714	0.532042	-0.882179	-0.000533	0.000471	0.000674	0.097981	0.588656	-1.053020	-0.000744	0.000666	0.000744
0.087137	0.326652	-0.723179	-0.000537	0.000265	0.000434	0.100670	0.532894	-0.880953	-0.000641	0.000567	0.000821	0.096579	0.589891	-1.051657	-0.000880	0.000811	0.000908
0.086184	0.327135	-0.722389	-0.000623	0.000320	0.000528	0.099543	0.533916	-0.879472	-0.000726	0.000681	0.000994	0.095037	0.591357	-1.050017	-0.001006	0.000964	0.001097
0.085063	0.327712	-0.721435	-0.000715	0.000386	0.000640	0.098263	0.535130	-0.877688	-0.000832	0.000821	0.001209	0.093229	0.593063	-1.048052	-0.001150	0.001151	0.001331
0.083826	0.328404	-0.720290	-0.000831	0.000462	0.000776	0.096861	0.536612	-0.875503	-0.001003	0.000984	0.001465	0.091267	0.595127	-1.045650	-0.001346	0.001384	0.001615
0.082342	0.329244	-0.718875	-0.000917	0.000513	0.000878	0.095036	0.538404	-0.872831	-0.001194	0.001127	0.001693	0.088846	0.597628	-1.042712	-0.001487	0.001512	0.001838
0.080599	0.330222	-0.717185	-0.001011	0.000556	0.000979	0.092741	0.540485	-0.869676	-0.001424	0.001265	0.001927	0.085960	0.600633	-1.039209	-0.001601	0.001520	0.002024
0.079117	0.331022	-0.715757	-0.001149	0.000614	0.001120	0.090443	0.542528	-0.866582	-0.001711	0.001421	0.002215	0.083663	0.602677	-1.036115	-0.001828	0.001625	0.002292
0.076943	0.332187	-0.713618	-0.001329	0.000692	0.001311	0.087218	0.545134	-0.862478	-0.002052	0.001599	0.002564	0.080437	0.605282	-1.032011	-0.002221	0.001954	0.002700
0.074514	0.333423	-0.711240	-0.001507	0.000767	0.001509	0.083449	0.547964	-0.857882	-0.002402	0.001766	0.002925	0.076089	0.609227	-1.026991	-0.002781	0.002811	0.003337
0.071909	0.334745	-0.708597	-0.001634	0.000812	0.001674	0.079217	0.551036	-0.852737	-0.002712	0.001892	0.003249	0.071327	0.613624	-1.021337	-0.003252	0.003606	0.003941
0.069081	0.336129	-0.705685	-0.001769	0.000853	0.001851	0.074426	0.554286	-0.847072	-0.003036	0.001998	0.003582	0.064960	0.622440	-1.013418	-0.003605	0.003925	0.004384
0.066032	0.337599	-0.702437	-0.001909	0.000884	0.002036	0.069126	0.557731	-0.840798	-0.003374	0.002075	0.003910	0.059050	0.628131	-1.006170	-0.003914	0.003777	0.004654
0.062701	0.339094	-0.698887	-0.001672	0.000751	0.001806	0.063184	0.561253	-0.834004	-0.003341	0.001967	0.003811	0.052318	0.633975	-0.998318	-0.003765	0.003119	0.004344
0.059197	0.340617	-0.695030	-0.001034	0.000454	0.001126	0.056722	0.564823	-0.826701	-0.002903	0.001679	0.003259	0.044829	0.639860	-0.989899	-0.003188	0.002374	0.003588
0.059197	0.340617	-0.695030	-0.000716	0.000309	0.000808	0.053419	0.566864	-0.823055	-0.002771	0.001532	0.003075	0.041526	0.641901	-0.986253	-0.003003	0.001992	0.003304
0.059197	0.340617	-0.695030	-0.001114	0.000466	0.001296	0.049857	0.568906	-0.819161	-0.003328	0.001681	0.003710	0.037964	0.643943	-0.982359	-0.003734	0.002366	0.004067
0.055539	0.342180	-0.690811	-0.002740	0.001016	0.003230	0.042341	0.572488	-0.810792	-0.005081	0.002214	0.005800	0.029157	0.649812	-0.972819	-0.006115	0.003881	0.006730
0.051718	0.343719	-0.686290	-0.004081	0.001358	0.004838	0.034521	0.576006	-0.801868	-0.006514	0.002529	0.007564	0.019855	0.655606	-0.962660	-0.008058	0.004997	0.009003
0.039272	0.347675	-0.671466	-0.004283	0.001239	0.005094	0.017948	0.581901	-0.782347	-0.006792	0.002368	0.007975	-0.001518	0.669049	-0.938654	-0.008383	0.004935	0.009540
0.034657	0.348707	-0.665999	-0.003649	0.000851	0.004372	0.009109	0.584781	-0.771961	-0.006248	0.001924	0.007403	-0.011944	0.674679	-0.926495	-0.007557	0.004073	0.008791
0.029769	0.349581	-0.660160	-0.002959	0.000490	0.003652	-0.000167	0.587398	-0.760949	-0.005681	0.001484	0.006824	-0.022877	0.680090	-0.913585	-0.006735	0.003177	0.008013
0.024728	0.350326	-0.653877	-0.003025	0.000415	0.003933	-0.009839	0.589750	-0.749233	-0.005906	0.001306	0.007235	-0.034353	0.685299	-0.899815	-0.007063	0.003012	0.008510
0.019614	0.350960	-0.647069	-0.003030	0.000341	0.004217	-0.019909	0.591775	-0.736832	-0.006080	0.001109	0.007645	-0.046462	0.690198	-0.885201	-0.007344	0.002799	0.008995
0.014559	0.351481	-0.639759	-0.002996	0.000250	0.004477	-0.030210	0.593465	-0.723729	-0.006193	0.000889	0.008049	-0.058992	0.694694	-0.869776	-0.007530	0.002547	0.009464
0.009634	0.351832	-0.632104	-0.002966	0.000121	0.004689	-0.040600	0.594770	-0.710008	-0.006269	0.000630	0.008433	-0.071675	0.698690	-0.853675	-0.007635	0.002272	0.009919
0.004747	0.351952	-0.624074	-0.002980	-0.000059	0.004855	-0.051076	0.595641	-0.695565	-0.006350	0.000313	0.008781	-0.084444	0.702281	-0.836703	-0.007712	0.001968	0.010357
-0.000229	0.351702	-0.615868	-0.003029	-0.000279	0.004996	-0.061732	0.595894	-0.680667	-0.006425	-0.000054	0.009093	-0.097364	0.705332	-0.819083	-0.007793	0.001627	0.010779
-0.005376	0.351024	-0.607441	-0.003057	-0.000510	0.005122	-0.072578	0.595467	-0.665259	-0.006442	-0.000441	0.009368	-0.110420	0.707731	-0.800795	-0.007858	0.001264	0.011183
-0.010536	0.349965	-0.598773	-0.003020	-0.000725	0.005231	-0.083352	0.594399	-0.649381	-0.006364	-0.000819	0.009605	-0.123627	0.709507	-0.781795	-0.007865	0.000899	0.011564
-0.015520	0.348586	-0.589948	-0.002915	-0.000919	0.005311	-0.093873	0.592725	-0.633176	-0.006203	-0.001184	0.009789	-0.136766	0.710746	-0.762158	-0.007788	0.000522	0.011882
-0.020280	0.346894	-0.581048	-0.002773	-0.001100	0.005374	-0.104078	0.590447	-0.616704	-0.006003	-0.001547	0.009915	-0.149666	0.711309	-0.742082	-0.007646	0.000103	0.012105
-0.024786	0.344907	-0.572057	-0.002606	-0.001270	0.005446	-0.113878	0.587580	-0.600049	-0.005782	-0.001910	0.009995	-0.162260	0.711150	-0.721684	-0.007439	-0.000365	0.012219
-0.029002	0.342644	-0.562928	-0.002424	-0.001434	0.005538	-0.123379	0.584071	-0.583362	-0.005544	-0.002269	0.010043	-0.174593	0.710137	-0.701217	-0.007155	-0.000867	0.012231
-0.032860	0.340138	-0.553607	-0.002250	-0.001611	0.005629	-0.132393	0.580006	-0.566569	-0.005303	-0.002633	0.010073	-0.186233	0.708268	-0.680830	-0.006809	-0.001379	0.012177
-0.036446	0.337319	-0.544114	-0.002029	-0.001718	0.005436	-0.141003	0.575327	-0.549758	-0.004990	-0.002912	0.009841	-0.197240	0.705522	-0.660628	-0.006386	-0.001774	0.011878
-0.039845	0.334126	-0.534586	-0.001839	-0.001826	0.005148	-0.149283	0.569990	-0.532927	-0.004667	-0.003167	0.009545	-0.207704	0.701972	-0.640505	-0.006026	-0.002095	0.011601
-0.042307	0.331476	-0.527590	-0.001728	-0.001990	0.004976	-0.156388	0.564963	-0.518597	-0.004368	-0.003447	0.009398	-0.216981	0.698689	-0.622766	-0.005795	-0.002410	0.011573
-0.045385	0.327722	-0.518655	-0.001677	-0.002195	0.004941	-0.163679	0.558697	-0.502279	-0.004079	-0.003739	0.009406	-0.226749	0.694146	-0.602684	-0.005666	-0.002741	0.011767
-0.048184	0.323824	-0.510280	-0.001608	-0.002360	0.004869	-0.170289	0.552150	-0.486427	-0.003765	-0.003983	0.009379	-0.236142	0.689251	-0.582718	-0.005539	-0.003059	0.011925
-0.050741	0.319830	-0.502489	-0.001437	-0.002407	0.004606	-0.176174	0.545415	-0.471035	-0.003404	-0.004122	0.009097	-0.245200	0.683997	-0.562882	-0.005313	-0.003311	0.011763
-0.053028	0.315766	-0.495067	-0.001250	-0.002441	0.004446	-0.181541	0.538418	-0.456054	-0.003116	-0.004276	0.008813	-0.253924	0.678245	-0.543315	-0.005047	-0.003605	0.011478
-0.054915	0.311714	-0.487809	-0.001050	-0.002478	0.004378	-0.186470	0.531206	-0.441682	-0.002894	-0.004449	0.008534	-0.262095	0.672040	-0.524461	-0.004719	-0.003925	0.011064
-0.056506	0.307528	-0.480505	-0.000857	-0.002522	0.004345	-0.191153	0.523601	-0.427649	-0.002707	-0.004632	0.008282	-0.269714	0.665161	-0.506355	-0.004333	-0.004237	0.010581
-0.057759	0.303292	-0.473273	-0.000690	-0.002583	0.004309	-0.195504	0.515744	-0.414098	-0.002525	-0.004819	0.008076	-0.276597	0.657833	-0.489198	-0.003926	-0.004515	0.010136
-0.058756	0.298963	-0.466151	-0.000561	-0.002654	0.004232	-0.199578	0.507559	-0.400820	-0.002337	-0.004989	0.007873	-0.282750	0.650080	-0.472764	-0.003588	-0.004752	0.009776
-0.059564	0.294449	-0.459072	-0.000477	-0.002717	0.004083	-0.203294	0.499061	-0.387748	-0.002130	-0.005105	0.007623	-0.288324	0.641968	-0.456691	-0.003383	-0.004957	0.009484
-0.060312	0.289831	-0.452385	-0.000419	-0.002732	0.003840	-0.206736	0.490392	-0.375268	-0.001872	-0.005114	0.007299	-0.293863	0.633502	-0.441099	-0.003306	-0.005119	0.009208
-0.060971	0.285254	-0.446208	-0.000364	-0.002671	0.003517	-0.209642	0.481860	-0.363417	-0.001560	-0.005002	0.006924	-0.299318	0.624846	-0.426019	-0.003269	-0.005221	0.008903
-0.061535	0.280838	-0.440615	-0.000291	-0.002543	0.003180	-0.211948	0.473616	-0.352162	-0.001226	-0.004814	0.006552	-0.304814	0.616014	-0.411359	-0.003161	-0.005253	0.008550
-0.061983	0.276734	-0.435677	-0.000192	-0.002387	0.002894	-0.213678	0.465815	-0.341613	-0.000945	-0.004617	0.006176	-0.310067	0.607246	-0.397399	-0.002935	-0.005210	0.008095
-0.062207	0.272917	-0.431113	-0.000082	-0.002246	0.002686	-0.214959	0.458296	-0.331549	-0.000782	-0.004459	0.005757	-0.314727	0.598574	-0.384215	-0.002563	-0.005079	0.007428
-0.062215	0.269309	-0.426773	0.000020	-0.002143	0.002548	-0.216081	0.451013	-0.322274	-0.000725	-0.004345	0.005302	-0.318758	0.590185	-0.372213	-0.002156	-0.004896	0.006640
-0.062127	0.265803	-0.422657	0.000122	-0.002077	0.002468	-0.217361	0.443826	-0.313929	-0.000661	-0.004163	0.004797	-0.321751	0.582288	-0.362267	-0.001718	-0.004600	0.005800
-0.061864	0.262413	-0.418653	0.000226	-0.002045	0.002439	-0.218530	0.436839	-0.306214	-0.000553	-0.003996	0.004410	-0.324602	0.574571	-0.352950	-0.001322	-0.004324	0.005170
-0.061342	0.259047	-0.414551	0.000308	-0.002042	0.002418	-0.219119	0.430837	-0.299635	-0.000415	-0.003849	0.004130	-0.326065	0.568192	-0.345481	-0.001035	-0.004111	0.004785
-0.060742	0.255614	-0.410485	0.000342	-0.002031	0.002339	-0.219854	0.424037	-0.292467	-0.000313	-0.003769	0.003946	-0.327667	0.561046	-0.337304	-0.000933	-0.004043	0.004607
-0.060172	0.252181	-0.406641	0.000330	-0.001969	0.002170	-0.220189	0.418140	-0.286376	-0.000247	-0.003702	0.003789	-0.329036	0.554700	-0.330068	-0.001045	-0.004100	0.004553
-0.059612	0.248970	-0.403169	0.000308	-0.001829	0.001936	-0.220595	0.411845	-0.280013	-0.000152	-0.003515	0.003567	-0.330957	0.547632	-0.322294	-0.001189	-0.004104	0.004409
-0.059170	0.245997	-0.400165	0.000294	-0.001624	0.001680	-0.220846	0.406014	-0.274203	-0.000053	-0.003237	0.003294	-0.333227	0.540606	-0.314960	-0.001296	-0.004027	0.004131
-0.058667	0.243512	-0.397597	0.000287	-0.001398	0.001437	-0.220721	0.401008	-0.268971	0.000023	-0.002850	0.002892	-0.335370	0.534096	-0.308326	-0.001306	-0.003784	0.003605
-0.058180	0.241394	-0.395410	0.000283	-0.001185	0.001225	-0.220591	0.396603	-0.264476	0.000019	-0.002479	0.002442	-0.337579	0.527966	-0.302726	-0.001243	-0.003457	0.002919
-0.057727	0.239594	-0.393557	0.000275	-0.001009	0.001054	-0.220616	0.392761	-0.260823	-0.000042	-0.002153	0.001992	-0.339666	0.522432	-0.298479	-0.001090	-0.003052	0.002173
-0.057282	0.238066	-0.391955	0.000267	-0.000882	0.000929	-0.220764	0.389470	-0.257932	-0.000105	-0.001880	0.001608	-0.341357	0.517698	-0.295617	-0.000848	-0.002599	0.001510
-0.056813	0.236749	-0.390512	0.000256	-0.000804	0.000845	-0.220973	0.386615	-0.255593	-0.000141	-0.001660	0.001317	-0.342487	0.513844	-0.293705	-0.000578	-0.002162	0.001024
-0.056420	0.235423	-0.389161	0.000235	-0.000762	0.000780	-0.221287	0.383952	-0.253628	-0.000095	-0.001393	0.001075	-0.343239	0.510562	-0.292396	-0.000302	-0.001706	0.000699
-0.056032	0.234195	-0.387906	0.000204	-0.000726	0.000713	-0.221501	0.381674	-0.251961	0.000013	-0.001070	0.000857	-0.343565	0.507952	-0.291455	-0.000077	-0.001268	0.000498
-0.055714	0.232997	-0.386759	0.000167	-0.000672	0.000629	-0.221183	0.380476	-0.250813	0.000052	-0.000868	0.000701	-0.343295	0.506528	-0.290873	-0.000024	-0.001031	0.000416
-0.055477	0.231916	-0.385786	0.000124	-0.000601	0.000532	-0.220946	0.379395	-0.249841	-0.000030	-0.000858	0.000620	-0.343197	0.505202	-0.290250	-0.000157	-0.001058	0.000381
-0.055304	0.230985	-0.384988	0.000079	-0.000452	0.000383	-0.221326	0.377554	-0.248733	-0.000171	-0.000879	0.000537	-0.343845	0.503004	-0.289440	-0.000384	-0.001181	0.000254
-0.055199	0.230196	-0.384359	0.000038	-0.000251	0.000206	-0.221659	0.376020	-0.247839	-0.000218	-0.000690	0.000363	-0.344582	0.500900	-0.289076	-0.000527	-0.001122	-0.000016
-0.055199	0.230196	-0.384359	0.000014	-0.000140	0.000107	-0.222175	0.375062	-0.247449	-0.000198	-0.000461	0.000190	-0.345754	0.499018	-0.289505	-0.000509	-0.000897	-0.000185
-0.055199	0.230196	-0.384359	0.000009	-0.000157	0.000113	-0.222280	0.374987	-0.247498	-0.000206	-0.000397	0.000104	-0.346556	0.497971	-0.290345	-0.000411	-0.000683	-0.000136
-0.055159	0.229587	-0.383916	-0.000044	-0.000234	0.000113	-0.222683	0.373975	-0.247170	-0.000304	-0.000459	0.000032	-0.346959	0.496958	-0.290017	-0.000423	-0.000628	-0.000109
-0.055152	0.229232	-0.383675	-0.000130	-0.000222	0.000022	-0.223207	0.373141	-0.247078	-0.000432	-0.000471	-0.000088	-0.347484	0.496125	-0.289924	-0.000565	-0.000670	-0.000267
-0.055688	0.228820	-0.383917	-0.000194	-0.000152	-0.000086	-0.224284	0.372319	-0.247554	-0.000479	-0.000367	-0.000212	-0.349058	0.494583	-0.291012	-0.000748	-0.000801	-0.000644
-0.055970	0.228741	-0.384136	-0.000199	-0.000108	-0.000120	-0.225002	0.371932	-0.247990	-0.000445	-0.000277	-0.000247	-0.350107	0.493651	-0.292023	-0.000820	-0.000906	-0.000896
-0.056278	0.228556	-0.384311	-0.000172	-0.000089	-0.000108	-0.225675	0.371514	-0.248373	-0.000390	-0.000239	-0.000222	-0.351818	0.491426	-0.294358	-0.000794	-0.000923	-0.000913
-0.056547	0.228415	-0.384478	-0.000182	-0.000096	-0.000112	-0.226263	0.371175	-0.248731	-0.000396	-0.000264	-0.000204	-0.352925	0.490218	-0.295541	-0.000784	-0.000901	-0.000785
-0.056835	0.228252	-0.384650	-0.000213	-0.000094	-0.000145	-0.226927	0.370690	-0.249033	-0.000434	-0.000300	-0.000206	-0.354184	0.488784	-0.296625	-0.000793	-0.000854	-0.000622
-0.057229	0.228081	-0.384920	-0.000262	-0.000091	-0.000196	-0.227714	0.370113	-0.249372	-0.000481	-0.000329	-0.000222	-0.355580	0.487285	-0.297605	-0.000871	-0.000892	-0.000560
-0.057723	0.227948	-0.385315	-0.000324	-0.000106	-0.000248	-0.228561	0.369580	-0.249794	-0.000532	-0.000364	-0.000240	-0.357096	0.485816	-0.298514	-0.000960	-0.000944	-0.000494
-0.058279	0.227814	-0.385773	-0.000392	-0.000144	-0.000292	-0.229441	0.368999	-0.250193	-0.000595	-0.000423	-0.000258	-0.358717	0.484266	-0.299251	-0.001071	-0.001039	-0.000451
-0.059024	0.227459	-0.386275	-0.000480	-0.000207	-0.000341	-0.230519	0.368161	-0.250614	-0.000703	-0.000520	-0.000298	-0.360642	0.482362	-0.299923	-0.001234	-0.001200	-0.000467
-0.059852	0.227127	-0.386880	-0.000581	-0.000271	-0.000404	-0.231709	0.367305	-0.251135	-0.000846	-0.000626	-0.000374	-0.362743	0.480345	-0.300708	-0.001443	-0.001399	-0.000551
-0.060952	0.226569	-0.387618	-0.000660	-0.000314	-0.000461	-0.233325	0.366076	-0.251836	-0.000980	-0.000712	-0.000460	-0.365415	0.477741	-0.301724	-0.001658	-0.001605	-0.000654
-0.062159	0.225993	-0.388465	-0.000761	-0.000351	-0.000548	-0.235098	0.364824	-0.252709	-0.001133	-0.000777	-0.000588	-0.368377	0.474901	-0.302959	-0.001906	-0.001803	-0.000777
-0.063322	0.225449	-0.389302	-0.000855	-0.000368	-0.000646	-0.236932	0.363528	-0.253637	-0.001277	-0.000805	-0.000741	-0.371592	0.471761	-0.304212	-0.002138	-0.001952	-0.000895
-0.065089	0.224734	-0.390675	-0.000986	-0.000399	-0.000778	-0.239433	0.362086	-0.255213	-0.001462	-0.000833	-0.000950	-0.375622	0.468294	-0.305987	-0.002380	-0.002067	-0.001064
-0.066576	0.224147	-0.391865	-0.001168	-0.000466	-0.000949	-0.241759	0.360766	-0.256744	-0.001709	-0.000886	-0.001227	-0.379545	0.464831	-0.307646	-0.002635	-0.002165	-0.001336
-0.068770	0.223301	-0.393677	-0.001372	-0.000557	-0.001141	-0.244889	0.359252	-0.259101	-0.002001	-0.000962	-0.001558	-0.384219	0.461160	-0.310164	-0.002886	-0.002256	-0.001726
-0.071321	0.222224	-0.395791	-0.001573	-0.000647	-0.001344	-0.248570	0.357498	-0.262019	-0.002309	-0.001032	-0.001934	-0.389343	0.457244	-0.313392	-0.003120	-0.002331	-0.002234
-0.074063	0.221090	-0.398162	-0.001703	-0.000702	-0.001509	-0.252631	0.355735	-0.265514	-0.002555	-0.001059	-0.002297	-0.394684	0.453325	-0.317501	-0.003278	-0.002373	-0.002783
-0.077010	0.219890	-0.400824	-0.001813	-0.000754	-0.001668	-0.257107	0.353960	-0.269668	-0.002780	-0.001083	-0.002666	-0.400277	0.449357	-0.322650	-0.003424	-0.002433	-0.003350
-0.080109	0.218618	-0.403735	-0.001916	-0.000813	-0.001830	-0.261898	0.352198	-0.274426	-0.002990	-0.001118	-0.003031	-0.406068	0.445318	-0.328732	-0.003569	-0.002524	-0.003894
-0.083407	0.217152	-0.406898	-0.002019	-0.000874	-0.002009	-0.267107	0.350203	-0.279764	-0.003182	-0.001159	-0.003396	-0.412199	0.440918	-0.335661	-0.003714	-0.002636	-0.004401
-0.086827	0.215698	-0.410386	-0.002124	-0.000926	-0.002217	-0.272526	0.348315	-0.285727	-0.003355	-0.001197	-0.003769	-0.418455	0.436519	-0.343433	-0.003858	-0.002759	-0.004876
-0.090485	0.214075	-0.414266	-0.002223	-0.000966	-0.002451	-0.278294	0.346250	-0.292329	-0.003504	-0.001221	-0.004154	-0.425028	0.431799	-0.351961	-0.003994	-0.002888	-0.005329
-0.094269	0.212438	-0.418541	-0.002306	-0.000995	-0.002698	-0.284261	0.344183	-0.299555	-0.003625	-0.001230	-0.004550	-0.431821	0.426843	-0.361189	-0.004102	-0.003004	-0.005777
-0.098195	0.210750	-0.423256	-0.002379	-0.001049	-0.002945	-0.290409	0.342128	-0.307476	-0.003726	-0.001253	-0.004957	-0.438770	0.421717	-0.371193	-0.004173	-0.003115	-0.006235
-0.102176	0.209070	-0.428373	-0.002448	-0.001147	-0.003190	-0.296660	0.340135	-0.316083	-0.003818	-0.001317	-0.005375	-0.445735	0.416564	-0.381967	-0.004208	-0.003239	-0.006716
-0.106368	0.206948	-0.433884	-0.002494	-0.001257	-0.003426	-0.303151	0.337764	-0.325371	-0.003885	-0.001390	-0.005800	-0.452840	0.410925	-0.393532	-0.004192	-0.003350	-0.007225
-0.110575	0.204765	-0.439811	-0.002499	-0.001343	-0.003643	-0.309703	0.335378	-0.335409	-0.003912	-0.001450	-0.006218	-0.459834	0.405250	-0.406006	-0.004109	-0.003432	-0.007753
-0.114739	0.202487	-0.446082	-0.002457	-0.001402	-0.003827	-0.316220	0.332988	-0.346151	-0.003903	-0.001516	-0.006610	-0.466587	0.399533	-0.419409	-0.003977	-0.003518	-0.008268
-0.118795	0.200096	-0.452606	-0.002384	-0.001446	-0.003988	-0.322706	0.330414	-0.357481	-0.003874	-0.001606	-0.006982	-0.473077	0.393638	-0.433619	-0.003825	-0.003639	-0.008758
-0.122717	0.197594	-0.459362	-0.002297	-0.001498	-0.004139	-0.329177	0.327566	-0.369403	-0.003833	-0.001736	-0.007342	-0.479371	0.387362	-0.448597	-0.003664	-0.003813	-0.009221
-0.126433	0.195202	-0.466408	-0.002181	-0.001497	-0.004281	-0.335485	0.324740	-0.381979	-0.003747	-0.001824	-0.007675	-0.485300	0.381032	-0.464394	-0.003463	-0.003954	-0.009637
-0.130074	0.192405	-0.473671	-0.002016	-0.001385	-0.004400	-0.341775	0.321307	-0.395069	-0.003597	-0.001824	-0.007954	-0.491005	0.374013	-0.480846	-0.003294	-0.003628	-0.009628
-0.133251	0.190312	-0.481103	-0.002031	-0.001940	-0.004524	-0.347577	0.318429	-0.408564	-0.003608	-0.002502	-0.008207	-0.496070	0.367450	-0.497739	-0.003402	-0.003598	-0.009223
-0.136059	0.188637	-0.488666	-0.002022	-0.002436	-0.004637	-0.353052	0.315639	-0.422361	-0.003568	-0.003103	-0.008435	-0.501544	0.364661	-0.511536	-0.003407	-0.003849	-0.009113
-0.140755	0.179573	-0.496652	-0.001862	-0.002442	-0.004718	-0.360289	0.305388	-0.436760	-0.003355	-0.003195	-0.008627	-0.508782	0.354409	-0.525935	-0.003080	-0.004338	-0.009640
-0.142786	0.178788	-0.504492	-0.001538	-0.001911	-0.004759	-0.364745	0.303318	-0.451218	-0.002912	-0.002704	-0.008603	-0.512360	0.348559	-0.543784	-0.002133	-0.005432	-0.010947
-0.145142	0.175744	-0.512461	-0.001235	-0.001477	-0.004772	-0.369436	0.298803	-0.465982	-0.002494	-0.002328	-0.008533	-0.516052	0.340169	-0.561889	-0.001222	-0.006257	-0.011867
-0.147049	0.173360	-0.520449	-0.001114	-0.001669	-0.004786	-0.373028	0.295184	-0.479169	-0.002262	-0.002576	-0.008434	-0.515608	0.324582	-0.585057	-0.000860	-0.006410	-0.011668
-0.148838	0.170227	-0.528415	-0.000944	-0.001675	-0.004786	-0.376945	0.290243	-0.494135	-0.002025	-0.002667	-0.008477	-0.517755	0.315816	-0.603331	-0.000784	-0.005578	-0.010936
-0.150232	0.167614	-0.536395	-0.000780	-0.001693	-0.004771	-0.379859	0.286114	-0.507407	-0.001832	-0.002814	-0.008666	-0.519256	0.308810	-0.619025	-0.000813	-0.004804	-0.010340
-0.151403	0.164738	-0.544378	-0.000608	-0.001663	-0.004726	-0.382853	0.281204	-0.522517	-0.001619	-0.002929	-0.008814	-0.520239	0.300166	-0.637282	-0.000539	-0.004907	-0.010438
-0.152282	0.161922	-0.552193	-0.000442	-0.001627	-0.004650	-0.385437	0.276083	-0.537452	-0.001413	-0.003061	-0.008904	-0.521250	0.292190	-0.654503	-0.000226	-0.005129	-0.010550
-0.152867	0.159289	-0.559875	-0.000279	-0.001568	-0.004560	-0.387552	0.270986	-0.552226	-0.001165	-0.003138	-0.008777	-0.521156	0.283363	-0.672235	0.000134	-0.005306	-0.010436
-0.153185	0.156796	-0.567396	-0.000126	-0.001492	-0.004463	-0.389293	0.265719	-0.566739	-0.000922	-0.003188	-0.008617	-0.520604	0.274325	-0.689575	0.000489	-0.005473	-0.010284
-0.153295	0.154179	-0.574774	0.000013	-0.001434	-0.004349	-0.390645	0.260185	-0.581001	-0.000689	-0.003239	-0.008415	-0.519549	0.264972	-0.706566	0.000786	-0.005550	-0.010016
-0.153112	0.152116	-0.581923	0.000087	-0.001173	-0.003552	-0.391563	0.255002	-0.594846	-0.000519	-0.003062	-0.007501	-0.517971	0.255850	-0.723008	0.001024	-0.005372	-0.009039
-0.152806	0.149624	-0.588843	0.000080	-0.000705	-0.002099	-0.392174	0.249308	-0.608267	-0.000418	-0.002627	-0.005912	-0.515931	0.246334	-0.738961	0.001177	-0.004880	-0.007376
-0.152806	0.149624	-0.588843	0.000031	-0.000249	-0.000692	-0.392950	0.245980	-0.614487	-0.000352	-0.002158	-0.004351	-0.513984	0.239238	-0.747569	0.001266	-0.004293	-0.005724
-0.152806	0.149624	-0.588843	0.000000	0.000000	0.000000	-0.393437	0.242936	-0.620483	-0.000267	-0.001849	-0.003487	-0.511764	0.232778	-0.755764	0.001344	-0.003823	-0.004757
-0.152806	0.149624	-0.588843	0.000053	-0.000217	-0.000674	-0.393824	0.239791	-0.626143	-0.000106	-0.001984	-0.003974	-0.509479	0.226474	-0.763446	0.001468	-0.003800	-0.005132
-0.152806	0.149624	-0.588843	0.000169	-0.000688	-0.001996	-0.393966	0.237004	-0.631478	0.000105	-0.002365	-0.005111	-0.506993	0.220869	-0.770654	0.001619	-0.004054	-0.006153
-0.152278	0.147455	-0.595581	0.000699	-0.002227	-0.005420	-0.393485	0.232073	-0.643231	0.000713	-0.003828	-0.008361	-0.504076	0.213147	-0.784004	0.002154	-0.005422	-0.009285
-0.151645	0.144914	-0.602069	0.001227	-0.003533	-0.007986	-0.392730	0.227009	-0.654507	0.001294	-0.005097	-0.010765	-0.500973	0.205565	-0.796735	0.002663	-0.006619	-0.011582
-0.146972	0.132063	-0.629821	0.001342	-0.003497	-0.007568	-0.387932	0.211511	-0.686724	0.001451	-0.005034	-0.010194	-0.493955	0.187560	-0.830219	0.002765	-0.006497	-0.010924
-0.145843	0.129690	-0.634467	0.001051	-0.002368	-0.005003	-0.386582	0.206601	-0.695632	0.001193	-0.003890	-0.007491	-0.490483	0.180270	-0.840258	0.002470	-0.005312	-0.008151
-0.144660	0.127708	-0.638859	0.000719	-0.001247	-0.002591	-0.385120	0.202143	-0.704051	0.000890	-0.002753	-0.004953	-0.486920	0.173467	-0.849721	0.002149	-0.004139	-0.005561
-0.143448	0.125584	-0.643064	0.000741	-0.001190	-0.002477	-0.383611	0.197480	-0.712088	0.000936	-0.002687	-0.004723	-0.483313	0.166535	-0.858742	0.002190	-0.004032	-0.005293
-0.142181	0.123703	-0.647131	0.000758	-0.001157	-0.002371	-0.382006	0.193097	-0.719793	0.000982	-0.002614	-0.004510	-0.479640	0.159904	-0.867344	0.002027	-0.003706	-0.004967
-0.140914	0.121796	-0.650962	0.000772	-0.001146	-0.002272	-0.380339	0.188781	-0.727119	0.001027	-0.002528	-0.004301	-0.475862	0.153511	-0.875567	0.001656	-0.003168	-0.004570
-0.139614	0.119928	-0.654666	0.000785	-0.001156	-0.002182	-0.378575	0.184705	-0.734120	0.001065	-0.002446	-0.004088	-0.474099	0.149435	-0.882568	0.001478	-0.002861	-0.004255
-0.138290	0.117897	-0.658249	0.000791	-0.001155	-0.002087	-0.376767	0.180596	-0.740767	0.001087	-0.002353	-0.003864	-0.472290	0.145326	-0.889215	0.001672	-0.002968	-0.004080
-0.136958	0.116038	-0.661663	0.000755	-0.001084	-0.001902	-0.374930	0.176818	-0.747025	0.001056	-0.002213	-0.003552	-0.468433	0.139476	-0.896250	0.002246	-0.003529	-0.003942
-0.135660	0.114140	-0.664836	0.000710	-0.000987	-0.001711	-0.373114	0.173135	-0.752851	0.001013	-0.002054	-0.003248	-0.464806	0.133791	-0.902684	0.002535	-0.003834	-0.003686
-0.134694	0.112843	-0.667103	0.000662	-0.000871	-0.001532	-0.371672	0.170040	-0.757556	0.000951	-0.001930	-0.002964	-0.459120	0.125681	-0.908521	0.002308	-0.003625	-0.003290
-0.133451	0.111224	-0.669921	0.000642	-0.000773	-0.001435	-0.369898	0.166836	-0.762718	0.000910	-0.001859	-0.002769	-0.456251	0.120786	-0.913807	0.001882	-0.003155	-0.002950
-0.132550	0.110242	-0.671899	0.000000	0.000000	0.000000	-0.368633	0.163816	-0.766799	0.000000	0.000000	0.000000	-0.453905	0.116229	-0.918026	0.000000	0.000000	0.000000
-0.131384	0.109012	-0.674387	0.000000	0.000000	0.000000	-0.367055	0.160771	-0.771297	0.000000	0.000000	0.000000	-0.451205	0.111690	-0.922675	0.000000	0.000000	0.000000
