0.050631	0.343546	-0.686072	0.000000	0.000000	0.000000	0.053676	0.582575	-0.788381	0.000000	0.000000	0.000000	0.044993	0.697949	-0.926289	0.000000	0.000000	0.000000
0.050331	0.343613	-0.685799	0.000000	0.000000	0.000000	0.053096	0.582638	-0.788127	0.000000	0.000000	0.000000	0.043905	0.697775	-0.926201	0.000000	0.000000	0.000000
0.049999	0.343693	-0.685486	-0.000215	0.000037	0.000176	0.052402	0.582738	-0.787777	-0.000534	0.000069	0.000245	0.042661	0.697735	-0.925930	-0.000859	0.000023	0.000229
0.049631	0.343748	-0.685199	-0.000248	0.000030	0.000181	0.051390	0.582876	-0.787308	-0.000697	0.000087	0.000308	0.041107	0.697864	-0.925429	-0.001024	0.000101	0.000345
0.049186	0.343782	-0.684909	-0.000299	0.000021	0.000192	0.050039	0.583028	-0.786752	-0.000865	0.000095	0.000363	0.039197	0.698092	-0.924767	-0.001173	0.000149	0.000433
0.048660	0.343821	-0.684567	-0.000364	0.000011	0.000209	0.048490	0.583214	-0.786068	-0.001014	0.000091	0.000399	0.037133	0.698427	-0.923916	-0.001305	0.000157	0.000478
0.047978	0.343826	-0.684202	-0.000440	-0.000003	0.000226	0.046651	0.583349	-0.785386	-0.001144	0.000075	0.000422	0.034902	0.698664	-0.923118	-0.001443	0.000127	0.000491
0.047202	0.343815	-0.683813	-0.000526	-0.000024	0.000237	0.044638	0.583461	-0.784680	-0.001261	0.000053	0.000438	0.032348	0.698859	-0.922295	-0.001601	0.000076	0.000488
0.046249	0.343757	-0.683407	-0.000626	-0.000053	0.000242	0.042449	0.583535	-0.783923	-0.001372	0.000022	0.000449	0.029548	0.698934	-0.921481	-0.001774	0.000014	0.000480
0.045132	0.343653	-0.682990	-0.000735	-0.000093	0.000234	0.040083	0.583557	-0.783151	-0.001493	-0.000021	0.000444	0.026478	0.698914	-0.920676	-0.001957	-0.000055	0.000463
0.043790	0.343461	-0.682600	-0.000838	-0.000139	0.000214	0.037481	0.583474	-0.782427	-0.001627	-0.000069	0.000433	0.023034	0.698748	-0.919936	-0.002153	-0.000112	0.000453
0.042314	0.343184	-0.682275	-0.000931	-0.000187	0.000190	0.034680	0.583313	-0.781732	-0.001785	-0.000114	0.000432	0.019295	0.698499	-0.919212	-0.002364	-0.000146	0.000471
0.040690	0.342836	-0.681978	-0.001016	-0.000232	0.000169	0.031584	0.583089	-0.781008	-0.001979	-0.000156	0.000444	0.015201	0.698231	-0.918410	-0.002603	-0.000161	0.000515
0.038917	0.342413	-0.681709	-0.001100	-0.000280	0.000146	0.028125	0.582797	-0.780248	-0.002212	-0.000206	0.000452	0.010676	0.697967	-0.917496	-0.002885	-0.000184	0.000558
0.037028	0.341916	-0.681477	-0.001188	-0.000336	0.000114	0.024241	0.582426	-0.779469	-0.002469	-0.000276	0.000436	0.005626	0.697667	-0.916503	-0.003201	-0.000241	0.000565
0.034977	0.341306	-0.681320	-0.001284	-0.000400	0.000078	0.019906	0.581914	-0.778748	-0.002729	-0.000366	0.000391	0.000025	0.697226	-0.915544	-0.003527	-0.000341	0.000529
0.032748	0.340580	-0.681228	-0.001388	-0.000468	0.000046	0.015117	0.581217	-0.778152	-0.002982	-0.000473	0.000328	-0.006156	0.696567	-0.914707	-0.003846	-0.000484	0.000455
0.030361	0.339749	-0.681177	-0.001501	-0.000540	0.000021	0.009959	0.580345	-0.777657	-0.003219	-0.000592	0.000260	-0.012812	0.695657	-0.914003	-0.004146	-0.000663	0.000355
0.027761	0.338792	-0.681158	-0.001624	-0.000621	-0.000006	0.004371	0.579261	-0.777276	-0.003449	-0.000725	0.000183	-0.019999	0.694398	-0.913493	-0.004435	-0.000876	0.000233
0.024958	0.337697	-0.681185	-0.001746	-0.000709	-0.000037	-0.001540	0.577954	-0.777027	-0.003668	-0.000869	0.000097	-0.027596	0.692762	-0.913210	-0.004709	-0.001104	0.000100
0.021909	0.336423	-0.681280	-0.001857	-0.000802	-0.000075	-0.007878	0.576362	-0.776954	-0.003876	-0.001023	0.000006	-0.035719	0.690705	-0.913175	-0.004975	-0.001333	-0.000028
0.018749	0.335028	-0.681422	-0.001955	-0.000900	-0.000119	-0.014471	0.574552	-0.777006	-0.004084	-0.001184	-0.000085	-0.044186	0.688309	-0.913321	-0.005242	-0.001553	-0.000138
0.015405	0.333436	-0.681675	-0.002048	-0.001000	-0.000159	-0.021456	0.572433	-0.777242	-0.004299	-0.001353	-0.000165	-0.053154	0.685526	-0.913663	-0.005519	-0.001764	-0.000220
0.011911	0.331684	-0.681977	-0.002134	-0.001096	-0.000187	-0.028802	0.570038	-0.777586	-0.004520	-0.001522	-0.000225	-0.062579	0.682415	-0.914100	-0.005798	-0.001969	-0.000274
0.008266	0.329768	-0.682315	-0.002203	-0.001184	-0.000203	-0.036539	0.567349	-0.778019	-0.004731	-0.001689	-0.000263	-0.072511	0.678960	-0.914600	-0.006066	-0.002178	-0.000309
0.004552	0.327738	-0.682653	-0.002260	-0.001269	-0.000215	-0.044587	0.564412	-0.778476	-0.004928	-0.001858	-0.000290	-0.082814	0.675183	-0.915128	-0.006318	-0.002403	-0.000341
0.000737	0.325546	-0.683030	-0.002318	-0.001361	-0.000226	-0.052982	0.561170	-0.778983	-0.005117	-0.002039	-0.000315	-0.093583	0.670982	-0.915725	-0.006498	-0.002624	-0.000375
-0.003159	0.323213	-0.683414	-0.002385	-0.001465	-0.000239	-0.061636	0.557639	-0.779518	-0.005296	-0.002239	-0.000347	-0.104685	0.666362	-0.916381	-0.006669	-0.002870	-0.000418
-0.007202	0.320687	-0.683811	-0.002452	-0.001579	-0.000257	-0.070657	0.553728	-0.780128	-0.005450	-0.002452	-0.000386	-0.115620	0.661541	-0.917095	-0.006805	-0.003125	-0.000468
-0.011354	0.317952	-0.684259	-0.002511	-0.001699	-0.000278	-0.079869	0.549460	-0.780805	-0.005577	-0.002670	-0.000422	-0.127466	0.655920	-0.917940	-0.006960	-0.003413	-0.000520
-0.015585	0.315013	-0.684756	-0.002561	-0.001819	-0.000294	-0.089251	0.544825	-0.781560	-0.005690	-0.002888	-0.000443	-0.138849	0.650172	-0.918847	-0.007155	-0.003735	-0.000558
-0.019885	0.311893	-0.685254	-0.002601	-0.001933	-0.000299	-0.098808	0.539846	-0.782310	-0.005805	-0.003111	-0.000449	-0.151061	0.643599	-0.919826	-0.007347	-0.004060	-0.000575
-0.024280	0.308560	-0.685753	-0.002632	-0.002047	-0.000298	-0.108622	0.534458	-0.783056	-0.005349	-0.003094	-0.000423	-0.163572	0.636511	-0.920791	-0.006971	-0.004142	-0.000550
-0.028671	0.305071	-0.686250	-0.002647	-0.002151	-0.000292	-0.118550	0.528715	-0.783802	-0.004296	-0.002807	-0.000367	-0.176214	0.628979	-0.921742	-0.005929	-0.003914	-0.000487
-0.033122	0.301370	-0.686744	-0.002653	-0.002250	-0.000276	-0.123001	0.525014	-0.784297	-0.003768	-0.002720	-0.000324	-0.183405	0.623375	-0.922434	-0.005413	-0.003886	-0.000435
-0.037510	0.297575	-0.687183	-0.002650	-0.002342	-0.000253	-0.127389	0.521219	-0.784736	-0.004340	-0.003092	-0.000318	-0.190515	0.617592	-0.923056	-0.006001	-0.004321	-0.000414
-0.041968	0.293559	-0.687584	-0.002529	-0.002318	-0.000215	-0.137468	0.514759	-0.785367	-0.006500	-0.004228	-0.000339	-0.203396	0.609035	-0.923826	-0.008178	-0.005521	-0.000419
-0.046325	0.289464	-0.687937	-0.002405	-0.002285	-0.000170	-0.147479	0.508051	-0.785912	-0.008101	-0.005180	-0.000310	-0.216237	0.600110	-0.924486	-0.009781	-0.006536	-0.000376
-0.049601	0.286297	-0.688137	-0.002285	-0.002244	-0.000121	-0.167914	0.495905	-0.786515	-0.007995	-0.005315	-0.000209	-0.239467	0.585647	-0.925195	-0.009655	-0.006726	-0.000265
-0.053926	0.281984	-0.688327	-0.002279	-0.002308	-0.000074	-0.177952	0.488269	-0.786690	-0.006840	-0.004934	-0.000082	-0.252257	0.575616	-0.925452	-0.008466	-0.006392	-0.000128
-0.057220	0.278600	-0.688405	-0.002370	-0.002483	-0.000033	-0.186943	0.481394	-0.786680	-0.005762	-0.004624	0.000029	-0.263928	0.566269	-0.925514	-0.007347	-0.006123	-0.000009
-0.061493	0.274082	-0.688408	-0.002442	-0.002660	0.000002	-0.196847	0.473220	-0.786562	-0.005792	-0.004889	0.000100	-0.276438	0.555566	-0.925450	-0.007327	-0.006421	0.000071
-0.065733	0.269370	-0.688390	-0.002504	-0.002844	0.000028	-0.206642	0.464715	-0.786351	-0.005792	-0.005147	0.000165	-0.288758	0.544466	-0.925284	-0.007273	-0.006698	0.000148
-0.069830	0.264612	-0.688319	-0.002458	-0.002931	0.000049	-0.216168	0.456056	-0.786022	-0.005673	-0.005295	0.000229	-0.300692	0.533209	-0.924977	-0.007101	-0.006850	0.000233
-0.073918	0.259628	-0.688211	-0.002408	-0.003019	0.000066	-0.225542	0.447091	-0.785573	-0.005548	-0.005443	0.000287	-0.312399	0.521649	-0.924507	-0.006935	-0.006991	0.000323
-0.077888	0.254514	-0.688099	-0.002347	-0.003096	0.000083	-0.234675	0.437896	-0.785053	-0.005415	-0.005583	0.000341	-0.323806	0.509887	-0.923900	-0.006773	-0.007121	0.000414
-0.081752	0.249279	-0.687950	-0.002272	-0.003153	0.000105	-0.243614	0.428445	-0.784445	-0.005270	-0.005707	0.000389	-0.334995	0.497881	-0.923131	-0.006600	-0.007242	0.000497
-0.085464	0.244003	-0.687746	-0.002191	-0.003194	0.000133	-0.252249	0.418872	-0.783743	-0.005112	-0.005813	0.000437	-0.345821	0.485766	-0.922216	-0.006414	-0.007357	0.000570
-0.089064	0.238610	-0.687511	-0.002109	-0.003229	0.000164	-0.260664	0.409046	-0.782990	-0.004951	-0.005909	0.000487	-0.356388	0.473352	-0.921219	-0.006215	-0.007476	0.000634
-0.092488	0.233241	-0.687206	-0.002019	-0.003246	0.000197	-0.268746	0.399171	-0.782135	-0.004783	-0.005983	0.000542	-0.366549	0.460841	-0.920109	-0.006000	-0.007576	0.000692
-0.095815	0.227751	-0.686849	-0.001930	-0.003269	0.000223	-0.276626	0.389058	-0.781181	-0.004608	-0.006054	0.000590	-0.376421	0.448045	-0.918902	-0.005762	-0.007667	0.000734
-0.098902	0.222405	-0.686443	-0.001846	-0.003296	0.000249	-0.284116	0.379026	-0.780128	-0.004427	-0.006117	0.000628	-0.385787	0.435310	-0.917608	-0.005497	-0.007738	0.000754
-0.101950	0.216759	-0.686047	-0.001768	-0.003326	0.000281	-0.291378	0.368649	-0.779096	-0.004235	-0.006168	0.000656	-0.394766	0.422215	-0.916380	-0.005208	-0.007784	0.000756
-0.104815	0.211275	-0.685514	-0.001689	-0.003347	0.000314	-0.298260	0.358406	-0.777943	-0.004039	-0.006203	0.000679	-0.403173	0.409293	-0.915089	-0.004916	-0.007804	0.000755
-0.107586	0.205616	-0.684969	-0.001587	-0.003314	0.000344	-0.304830	0.347996	-0.776807	-0.003827	-0.006184	0.000699	-0.411119	0.396223	-0.913856	-0.004629	-0.007771	0.000762
-0.110157	0.200077	-0.684377	-0.001450	-0.003186	0.000358	-0.311053	0.337650	-0.775624	-0.003585	-0.006067	0.000711	-0.418597	0.383267	-0.912587	-0.004339	-0.007645	0.000777
-0.112479	0.194820	-0.683749	-0.001287	-0.002983	0.000357	-0.316856	0.327562	-0.774420	-0.003320	-0.005864	0.000715	-0.425637	0.370529	-0.911263	-0.004042	-0.007427	0.000797
-0.114417	0.190208	-0.683158	-0.001282	-0.003306	0.000341	-0.322082	0.318175	-0.773221	-0.003204	-0.006162	0.000706	-0.432046	0.358540	-0.909910	-0.003894	-0.007689	0.000809
-0.116194	0.185659	-0.682624	-0.001322	-0.003764	0.000332	-0.327004	0.308834	-0.772058	-0.003064	-0.006469	0.000686	-0.438091	0.346684	-0.908559	-0.003719	-0.007941	0.000808
-0.119258	0.176180	-0.682095	-0.001274	-0.003893	0.000344	-0.332942	0.294757	-0.770922	-0.002844	-0.006452	0.000676	-0.445087	0.330224	-0.907197	-0.003458	-0.007865	0.000812
-0.120863	0.171212	-0.681494	-0.001101	-0.003579	0.000369	-0.336637	0.286292	-0.769864	-0.002519	-0.006008	0.000671	-0.449790	0.319430	-0.905893	-0.003082	-0.007368	0.000806
-0.122487	0.165726	-0.680852	-0.000916	-0.003199	0.000394	-0.340884	0.276197	-0.768659	-0.002266	-0.005636	0.000675	-0.454931	0.307141	-0.904458	-0.002763	-0.006957	0.000790
-0.123972	0.160324	-0.680177	-0.000847	-0.003176	0.000417	-0.344247	0.267310	-0.767608	-0.002192	-0.005743	0.000685	-0.459063	0.296084	-0.903236	-0.002621	-0.007059	0.000768
-0.125313	0.155079	-0.679468	-0.000755	-0.003074	0.000418	-0.347988	0.257380	-0.766425	-0.002088	-0.005770	0.000673	-0.463443	0.283995	-0.901951	-0.002455	-0.007111	0.000723
-0.126512	0.150095	-0.678713	-0.000654	-0.002947	0.000393	-0.351458	0.247681	-0.765244	-0.001965	-0.005752	0.000633	-0.467485	0.271988	-0.900715	-0.002285	-0.007127	0.000660
-0.127499	0.145215	-0.678134	-0.000553	-0.002817	0.000350	-0.354557	0.238125	-0.764295	-0.001771	-0.005590	0.000563	-0.471063	0.260124	-0.899749	-0.002060	-0.006993	0.000584
-0.128325	0.140714	-0.677585	-0.000462	-0.002698	0.000308	-0.357328	0.229046	-0.763411	-0.001585	-0.005419	0.000497	-0.474294	0.248682	-0.898832	-0.001857	-0.006842	0.000526
-0.129025	0.136295	-0.677098	-0.000384	-0.002581	0.000276	-0.359829	0.220115	-0.762627	-0.001404	-0.005216	0.000437	-0.477233	0.237369	-0.897993	-0.001670	-0.006651	0.000484
-0.129604	0.132040	-0.676664	-0.000310	-0.002453	0.000239	-0.362037	0.211501	-0.761942	-0.001230	-0.004990	0.000369	-0.479886	0.226325	-0.897209	-0.001486	-0.006420	0.000435
-0.130056	0.128081	-0.676297	-0.000244	-0.002301	0.000206	-0.363892	0.203511	-0.761398	-0.001064	-0.004723	0.000303	-0.482169	0.215975	-0.896530	-0.001298	-0.006132	0.000377
-0.130399	0.124399	-0.675994	-0.000191	-0.002149	0.000184	-0.365565	0.195751	-0.760948	-0.000920	-0.004457	0.000254	-0.484221	0.205871	-0.895944	-0.001115	-0.005820	0.000321
-0.130670	0.120926	-0.675711	-0.000154	-0.002014	0.000183	-0.366936	0.188639	-0.760590	-0.000802	-0.004199	0.000235	-0.485878	0.196505	-0.895485	-0.000944	-0.005480	0.000282
-0.130895	0.117702	-0.675408	-0.000132	-0.001869	0.000200	-0.368195	0.181802	-0.760209	-0.000708	-0.003929	0.000245	-0.487326	0.187595	-0.895041	-0.000790	-0.005105	0.000264
-0.131103	0.114639	-0.675050	-0.000118	-0.001705	0.000221	-0.369286	0.175469	-0.759784	-0.000632	-0.003644	0.000267	-0.488500	0.179447	-0.894608	-0.000655	-0.004705	0.000254
-0.131291	0.111994	-0.674655	-0.000091	-0.001318	0.000194	-0.370297	0.169628	-0.759305	-0.000540	-0.003095	0.000243	-0.489498	0.171881	-0.894181	-0.000517	-0.004042	0.000204
-0.131453	0.109581	-0.674259	-0.000051	-0.000747	0.000119	-0.371156	0.164370	-0.758828	-0.000441	-0.002338	0.000181	-0.490260	0.165175	-0.893806	-0.000392	-0.003168	0.000131
-0.131453	0.109581	-0.674259	-0.000029	-0.000439	0.000075	-0.371728	0.161955	-0.758736	-0.000320	-0.001645	0.000139	-0.490731	0.161450	-0.893804	-0.000278	-0.002369	0.000103
-0.131453	0.109581	-0.674259	-0.000037	-0.000580	0.000106	-0.372261	0.159765	-0.758547	-0.000201	-0.001259	0.000153	-0.491191	0.158194	-0.893672	-0.000188	-0.001886	0.000148
-0.131580	0.107600	-0.673907	-0.000087	-0.001171	0.000259	-0.372388	0.157784	-0.758194	-0.000187	-0.001579	0.000301	-0.491343	0.155175	-0.893282	-0.000211	-0.002119	0.000331
-0.131698	0.105765	-0.673550	-0.000130	-0.001474	0.000389	-0.372506	0.155948	-0.757837	-0.000261	-0.001995	0.000462	-0.491527	0.152592	-0.892849	-0.000319	-0.002456	0.000523
-0.132080	0.101687	-0.672383	-0.000146	-0.001248	0.000423	-0.373355	0.149980	-0.756439	-0.000411	-0.002221	0.000635	-0.492505	0.145862	-0.891316	-0.000498	-0.002615	0.000724
-0.132256	0.100755	-0.671898	-0.000146	-0.000757	0.000392	-0.373908	0.147614	-0.755684	-0.000482	-0.001881	0.000740	-0.493215	0.142950	-0.890404	-0.000599	-0.002213	0.000855
-0.132481	0.100128	-0.671333	-0.000149	-0.000294	0.000363	-0.375094	0.143908	-0.753997	-0.000422	-0.001119	0.000706	-0.494639	0.138668	-0.888485	-0.000563	-0.001399	0.000842
-0.132757	0.099752	-0.670677	-0.000176	-0.000116	0.000404	-0.375585	0.143207	-0.752882	-0.000315	-0.000489	0.000608	-0.495383	0.137658	-0.887133	-0.000465	-0.000744	0.000753
-0.133073	0.099746	-0.669972	-0.000197	0.000061	0.000435	-0.375900	0.143200	-0.752177	-0.000243	-0.000005	0.000533	-0.495967	0.137160	-0.886166	-0.000377	-0.000256	0.000665
-0.133420	0.099975	-0.669219	-0.000216	0.000231	0.000461	-0.376248	0.143429	-0.751424	-0.000274	0.000192	0.000613	-0.496534	0.137017	-0.885199	-0.000365	-0.000065	0.000707
-0.133792	0.100519	-0.668439	-0.000238	0.000377	0.000499	-0.376856	0.143633	-0.750124	-0.000316	0.000571	0.000839	-0.497257	0.136745	-0.883772	-0.000353	0.000311	0.000886
-0.134198	0.101288	-0.667597	-0.000269	0.000509	0.000564	-0.377370	0.144697	-0.748804	-0.000325	0.001098	0.001061	-0.497746	0.137420	-0.882453	-0.000331	0.000842	0.001081
-0.134671	0.102205	-0.666602	-0.000296	0.000604	0.000629	-0.377938	0.147639	-0.746403	-0.000305	0.001534	0.001189	-0.498281	0.139865	-0.880053	-0.000333	0.001320	0.001226
-0.135228	0.103377	-0.665412	-0.000329	0.000720	0.000712	-0.378412	0.150408	-0.744538	-0.000315	0.001781	0.001299	-0.498821	0.142315	-0.878110	-0.000415	0.001675	0.001396
-0.135723	0.104471	-0.664334	-0.000354	0.000838	0.000781	-0.378869	0.153265	-0.742505	-0.000335	0.001948	0.001423	-0.499517	0.145055	-0.875854	-0.000525	0.002015	0.001591
-0.136436	0.106217	-0.662748	-0.000383	0.000995	0.000868	-0.379584	0.156879	-0.739714	-0.000365	0.002249	0.001648	-0.500658	0.148985	-0.872696	-0.000658	0.002547	0.001898
-0.137001	0.107747	-0.661457	-0.000422	0.001205	0.000991	-0.380119	0.160647	-0.736999	-0.000388	0.002624	0.001886	-0.501696	0.153346	-0.869555	-0.000766	0.003152	0.002207
-0.137783	0.110051	-0.659604	-0.000459	0.001422	0.001127	-0.380816	0.165514	-0.733565	-0.000397	0.003010	0.002123	-0.503219	0.159491	-0.865425	-0.000847	0.003771	0.002509
-0.138599	0.112690	-0.657572	-0.000490	0.001636	0.001268	-0.381520	0.170874	-0.729788	-0.000391	0.003383	0.002356	-0.504615	0.166069	-0.861051	-0.000902	0.004380	0.002805
-0.139432	0.115491	-0.655366	-0.000494	0.001771	0.001362	-0.382149	0.176757	-0.725694	-0.000343	0.003693	0.002529	-0.506204	0.173977	-0.856109	-0.000890	0.004910	0.003030
-0.140256	0.118667	-0.653020	-0.000486	0.001889	0.001445	-0.382698	0.183234	-0.721313	-0.000271	0.003981	0.002675	-0.507734	0.182658	-0.850817	-0.000825	0.005392	0.003208
-0.141066	0.121780	-0.650537	-0.000470	0.002003	0.001522	-0.383064	0.190079	-0.716746	-0.000179	0.004256	0.002798	-0.508997	0.192005	-0.845364	-0.000693	0.005806	0.003327
-0.141829	0.125289	-0.647950	-0.000448	0.002119	0.001603	-0.383319	0.197358	-0.711982	-0.000080	0.004503	0.002914	-0.510077	0.201959	-0.839719	-0.000542	0.006189	0.003437
-0.142560	0.128903	-0.645211	-0.000420	0.002263	0.001692	-0.383323	0.205194	-0.707049	0.000027	0.004751	0.003032	-0.510795	0.212739	-0.833933	-0.000379	0.006569	0.003553
-0.143243	0.132735	-0.642312	-0.000382	0.002433	0.001790	-0.383237	0.213150	-0.701875	0.000144	0.005008	0.003162	-0.511355	0.223814	-0.827882	-0.000203	0.006954	0.003684
-0.143847	0.136961	-0.639256	-0.000333	0.002621	0.001889	-0.382874	0.221797	-0.696531	0.000271	0.005268	0.003304	-0.511510	0.235841	-0.821675	-0.000017	0.007327	0.003836
-0.144359	0.141560	-0.636010	-0.000268	0.002812	0.001982	-0.382330	0.230837	-0.690881	0.000421	0.005541	0.003448	-0.511395	0.248401	-0.815136	0.000189	0.007690	0.003996
-0.144772	0.146284	-0.632618	-0.000189	0.002979	0.002057	-0.381520	0.240190	-0.684999	0.000597	0.005800	0.003579	-0.510929	0.261425	-0.808319	0.000424	0.008030	0.004148
-0.145002	0.151531	-0.629131	-0.000096	0.003143	0.002126	-0.380381	0.250163	-0.678929	0.000807	0.006082	0.003707	-0.510044	0.275135	-0.801279	0.000701	0.008411	0.004301
-0.145099	0.156782	-0.625560	0.000000	0.003269	0.002200	-0.378850	0.260467	-0.672689	0.001039	0.006347	0.003860	-0.508618	0.289406	-0.794049	0.000999	0.008801	0.004495
-0.144994	0.162495	-0.621812	0.000100	0.003362	0.002281	-0.376925	0.271383	-0.666117	0.001284	0.006579	0.004042	-0.506698	0.304526	-0.786391	0.001304	0.009181	0.004746
-0.144780	0.168007	-0.617933	0.000191	0.003378	0.002360	-0.374589	0.282441	-0.659215	0.001519	0.006706	0.004239	-0.504284	0.320039	-0.778256	0.001601	0.009470	0.005033
-0.144318	0.173924	-0.613945	0.000268	0.003317	0.002445	-0.371806	0.293979	-0.651985	0.001738	0.006723	0.004444	-0.501333	0.336311	-0.769614	0.001898	0.009650	0.005335
-0.143865	0.179128	-0.609826	0.000477	0.003695	0.002576	-0.368782	0.304932	-0.644432	0.002078	0.007130	0.004690	-0.497972	0.352318	-0.760492	0.002337	0.010206	0.005669
-0.143226	0.184542	-0.605466	0.000704	0.004105	0.002721	-0.365349	0.316118	-0.636455	0.002426	0.007528	0.004934	-0.494029	0.368749	-0.750809	0.002791	0.010702	0.005992
-0.141107	0.194344	-0.600651	0.000858	0.004203	0.002837	-0.360268	0.331605	-0.627841	0.002700	0.007594	0.005129	-0.488220	0.389657	-0.740374	0.003158	0.010798	0.006262
-0.140032	0.199755	-0.595910	0.000930	0.003954	0.002917	-0.356055	0.342589	-0.619232	0.002905	0.007319	0.005271	-0.483170	0.405995	-0.729808	0.003447	0.010496	0.006468
-0.138480	0.205949	-0.591009	0.001031	0.003755	0.002993	-0.351079	0.354403	-0.610362	0.003157	0.007107	0.005406	-0.477246	0.423050	-0.718874	0.003788	0.010235	0.006651
-0.136552	0.212479	-0.585941	0.001249	0.003923	0.003091	-0.345485	0.366508	-0.601223	0.003526	0.007252	0.005577	-0.470528	0.440319	-0.707626	0.004262	0.010340	0.006855
-0.134281	0.219169	-0.580689	0.001443	0.003974	0.003172	-0.339267	0.378758	-0.591789	0.003863	0.007256	0.005751	-0.462985	0.457684	-0.696048	0.004721	0.010331	0.007065
-0.131744	0.225763	-0.575316	0.001629	0.003972	0.003228	-0.332605	0.390751	-0.582032	0.004188	0.007189	0.005921	-0.454807	0.474757	-0.684087	0.005185	0.010294	0.007293
-0.128859	0.232407	-0.569918	0.001814	0.003946	0.003270	-0.325332	0.402717	-0.572039	0.004519	0.007093	0.006080	-0.445762	0.491922	-0.671761	0.005685	0.010280	0.007541
-0.125681	0.238962	-0.564435	0.002003	0.003910	0.003322	-0.317544	0.414441	-0.561766	0.004869	0.006991	0.006239	-0.435898	0.509025	-0.658987	0.006227	0.010288	0.007816
-0.122199	0.245429	-0.558870	0.002183	0.003847	0.003382	-0.309140	0.426001	-0.551253	0.005227	0.006862	0.006396	-0.425049	0.526214	-0.645741	0.006786	0.010254	0.008103
-0.118378	0.251843	-0.553146	0.002356	0.003762	0.003423	-0.300111	0.437377	-0.540426	0.005449	0.006599	0.006390	-0.413246	0.543345	-0.631950	0.007187	0.010030	0.008229
-0.114330	0.257998	-0.547383	0.002518	0.003658	0.003423	-0.290499	0.448401	-0.529422	0.005674	0.006323	0.006334	-0.400557	0.560147	-0.617770	0.007543	0.009712	0.008296
-0.109994	0.264009	-0.541689	0.002674	0.003546	0.003386	-0.281700	0.458032	-0.519699	0.005867	0.006033	0.006226	-0.388523	0.575396	-0.604668	0.007814	0.009305	0.008291
-0.105399	0.269840	-0.536098	0.002836	0.003447	0.003341	-0.270816	0.468573	-0.508636	0.006174	0.005835	0.006224	-0.374338	0.591288	-0.590058	0.008158	0.008932	0.008354
-0.100566	0.275465	-0.530574	0.002460	0.002817	0.002760	-0.261121	0.477538	-0.498953	0.006047	0.005163	0.005793	-0.361327	0.605254	-0.576752	0.008058	0.008056	0.007933
-0.095396	0.281008	-0.525092	0.001517	0.001671	0.001649	-0.249338	0.487241	-0.487927	0.005313	0.003924	0.004794	-0.346171	0.619606	-0.562145	0.007362	0.006613	0.006896
-0.095396	0.281008	-0.525092	0.001066	0.001096	0.001094	-0.242707	0.490995	-0.482477	0.005040	0.003239	0.004319	-0.336110	0.627643	-0.553249	0.007156	0.005748	0.006359
-0.095396	0.281008	-0.525092	0.001681	0.001616	0.001630	-0.236098	0.494358	-0.477175	0.005685	0.003549	0.004798	-0.325935	0.635029	-0.544602	0.007914	0.005923	0.006779
-0.089907	0.286425	-0.519630	0.004160	0.003619	0.003704	-0.223955	0.502807	-0.466519	0.008246	0.005375	0.006854	-0.310002	0.647310	-0.530710	0.010636	0.007661	0.008808
-0.084071	0.291748	-0.514255	0.006129	0.004955	0.005164	-0.211235	0.510919	-0.455906	0.010350	0.006555	0.008330	-0.293136	0.659170	-0.516891	0.012922	0.008777	0.010296
-0.065120	0.306462	-0.498884	0.006227	0.004651	0.004995	-0.185108	0.528180	-0.435200	0.010607	0.006104	0.008170	-0.262545	0.680108	-0.492879	0.013343	0.008252	0.010170
-0.058898	0.310519	-0.494198	0.004978	0.003360	0.003786	-0.171448	0.534533	-0.425194	0.009510	0.004667	0.006927	-0.244170	0.690002	-0.479473	0.012364	0.006706	0.008943
-0.052810	0.314159	-0.489735	0.003719	0.002170	0.002594	-0.157670	0.540232	-0.415528	0.008372	0.003323	0.005655	-0.225541	0.699003	-0.466429	0.011294	0.005214	0.007644
-0.046598	0.317652	-0.485543	0.003786	0.002067	0.002450	-0.143572	0.545532	-0.406307	0.008500	0.003054	0.005393	-0.206501	0.707333	-0.453906	0.011448	0.004771	0.007303
-0.040228	0.321026	-0.481595	0.003892	0.001998	0.002314	-0.129269	0.550409	-0.397535	0.008581	0.002807	0.005103	-0.187272	0.714920	-0.442001	0.011519	0.004332	0.006873
-0.033619	0.324320	-0.477838	0.003996	0.001928	0.002184	-0.114849	0.554899	-0.389258	0.008581	0.002559	0.004784	-0.167959	0.721790	-0.430875	0.011492	0.003886	0.006345
-0.026865	0.327476	-0.474300	0.004070	0.001839	0.002056	-0.100586	0.558936	-0.381548	0.008515	0.002310	0.004449	-0.148891	0.727864	-0.420732	0.011413	0.003450	0.005758
-0.020001	0.330481	-0.470994	0.004087	0.001723	0.001921	-0.086448	0.562595	-0.374456	0.008409	0.002055	0.004122	-0.129961	0.733249	-0.411726	0.011334	0.003039	0.005201
-0.013142	0.333259	-0.467877	0.003871	0.001526	0.001714	-0.072515	0.565809	-0.367843	0.008124	0.001738	0.003757	-0.111140	0.737964	-0.403566	0.011122	0.002602	0.004692
-0.006472	0.335770	-0.465054	0.003602	0.001316	0.001516	-0.058833	0.568573	-0.361745	0.007847	0.001418	0.003439	-0.092366	0.742082	-0.396035	0.010929	0.002185	0.004320
-0.001683	0.337443	-0.463098	0.003481	0.001166	0.001406	-0.046965	0.570332	-0.356685	0.007758	0.001156	0.003246	-0.075266	0.745053	-0.389504	0.010891	0.001828	0.004119
0.004559	0.339455	-0.460611	0.003542	0.001090	0.001379	-0.033527	0.572254	-0.351223	0.007847	0.000954	0.003167	-0.056546	0.748014	-0.382589	0.010981	0.001524	0.004051
0.010636	0.341236	-0.458255	0.003624	0.001036	0.001341	-0.020242	0.573691	-0.345906	0.007904	0.000758	0.003099	-0.038052	0.750307	-0.375825	0.010994	0.001227	0.004016
0.016625	0.342875	-0.456108	0.003567	0.000952	0.001219	-0.007084	0.574749	-0.340853	0.007738	0.000534	0.002933	-0.019765	0.752064	-0.369208	0.010742	0.000907	0.003895
0.022493	0.344387	-0.454194	0.003532	0.000887	0.001094	0.005630	0.575412	-0.336065	0.007522	0.000355	0.002725	-0.002108	0.753273	-0.362727	0.010405	0.000632	0.003695
0.028371	0.345825	-0.452486	0.003508	0.000829	0.000978	0.017978	0.575874	-0.331735	0.007296	0.000218	0.002486	0.014927	0.754118	-0.356737	0.010039	0.000398	0.003376
0.034206	0.347154	-0.450940	0.003476	0.000767	0.000877	0.029917	0.576114	-0.327771	0.007100	0.000107	0.002243	0.031304	0.754573	-0.351350	0.009714	0.000188	0.002960
0.039988	0.348396	-0.449586	0.003388	0.000686	0.000794	0.041589	0.576232	-0.324288	0.006909	-0.000017	0.002036	0.047212	0.754742	-0.346827	0.009432	-0.000030	0.002535
0.045636	0.349485	-0.448321	0.003204	0.000581	0.000728	0.053019	0.576126	-0.321079	0.006660	-0.000176	0.001878	0.062745	0.754532	-0.343038	0.009139	-0.000271	0.002196
0.050823	0.350359	-0.447165	0.002936	0.000459	0.000679	0.063968	0.575687	-0.318068	0.006306	-0.000361	0.001774	0.077801	0.753861	-0.339698	0.008777	-0.000524	0.002014
0.055410	0.351002	-0.446084	0.002661	0.000345	0.000644	0.074141	0.574903	-0.315206	0.005876	-0.000537	0.001705	0.092105	0.752747	-0.336522	0.008337	-0.000752	0.001989
0.059570	0.351470	-0.445033	0.002463	0.000257	0.000624	0.083527	0.573848	-0.312424	0.005445	-0.000680	0.001671	0.105623	0.751289	-0.333208	0.007848	-0.000930	0.002079
0.063497	0.351825	-0.444011	0.002348	0.000190	0.000617	0.092221	0.572595	-0.309672	0.005036	-0.000779	0.001651	0.118293	0.749589	-0.329640	0.007220	-0.001034	0.002169
0.067365	0.352102	-0.442994	0.002274	0.000136	0.000616	0.100336	0.571191	-0.306890	0.004632	-0.000824	0.001607	0.130093	0.747720	-0.325794	0.006513	-0.001067	0.002185
0.071093	0.352274	-0.441950	0.002205	0.000086	0.000614	0.107687	0.569770	-0.304227	0.004236	-0.000819	0.001519	0.139837	0.745973	-0.322244	0.005776	-0.001038	0.002075
0.074709	0.352379	-0.440934	0.002122	0.000042	0.000605	0.114378	0.568435	-0.301802	0.003865	-0.000784	0.001402	0.149204	0.744234	-0.318751	0.005119	-0.000981	0.001864
0.078203	0.352414	-0.439931	0.002005	0.000004	0.000582	0.120535	0.567165	-0.299570	0.003520	-0.000747	0.001281	0.156947	0.742698	-0.315928	0.004551	-0.000928	0.001597
0.081478	0.352381	-0.438960	0.001830	-0.000027	0.000541	0.126142	0.565954	-0.297529	0.003169	-0.000717	0.001166	0.164175	0.741183	-0.313466	0.003999	-0.000882	0.001316
0.084374	0.352312	-0.438105	0.001602	-0.000051	0.000487	0.131119	0.564783	-0.295688	0.002798	-0.000695	0.001058	0.170373	0.739748	-0.311555	0.003513	-0.000850	0.001101
0.086836	0.352210	-0.437349	0.001356	-0.000067	0.000429	0.135481	0.563643	-0.294027	0.002418	-0.000675	0.000969	0.175765	0.738368	-0.309960	0.003062	-0.000823	0.000979
0.088863	0.352078	-0.436676	0.001127	-0.000080	0.000382	0.139177	0.562529	-0.292487	0.002033	-0.000649	0.000900	0.180483	0.737014	-0.308426	0.002679	-0.000796	0.000968
0.090548	0.351942	-0.436093	0.000939	-0.000091	0.000350	0.142264	0.561456	-0.291040	0.001656	-0.000609	0.000846	0.184681	0.735691	-0.306803	0.002332	-0.000759	0.001010
0.091936	0.351783	-0.435543	0.000798	-0.000109	0.000347	0.144665	0.560479	-0.289676	0.001308	-0.000555	0.000803	0.188251	0.734461	-0.305035	0.001996	-0.000706	0.001039
0.093157	0.351598	-0.434986	0.000689	-0.000139	0.000376	0.146555	0.559606	-0.288383	0.000996	-0.000491	0.000766	0.191319	0.733332	-0.303254	0.001645	-0.000636	0.001010
0.094231	0.351332	-0.434315	0.000586	-0.000172	0.000415	0.147964	0.558832	-0.287115	0.000708	-0.000417	0.000717	0.193803	0.732312	-0.301581	0.001249	-0.000544	0.000896
0.095144	0.351004	-0.433561	0.000474	-0.000194	0.000434	0.148924	0.558194	-0.285942	0.000436	-0.000329	0.000637	0.195580	0.731476	-0.300161	0.000801	-0.000421	0.000700
0.095806	0.350658	-0.432820	0.000351	-0.000194	0.000411	0.149378	0.557720	-0.284947	0.000176	-0.000227	0.000520	0.196478	0.730881	-0.299167	0.000328	-0.000274	0.000440
0.096322	0.350332	-0.432144	0.000222	-0.000170	0.000345	0.149496	0.557430	-0.284177	-0.000063	-0.000116	0.000372	0.196657	0.730552	-0.298669	-0.000125	-0.000118	0.000155
0.096567	0.350065	-0.431619	0.000081	-0.000130	0.000252	0.149151	0.557331	-0.283676	-0.000290	-0.000010	0.000214	0.196006	0.730493	-0.298676	-0.000531	0.000027	-0.000102
0.096601	0.349901	-0.431312	-0.000070	-0.000091	0.000159	0.148518	0.557423	-0.283491	-0.000508	0.000079	0.000074	0.194801	0.730685	-0.299101	-0.000871	0.000142	-0.000293
0.096337	0.349788	-0.431137	-0.000224	-0.000065	0.000089	0.147459	0.557628	-0.283488	-0.000727	0.000138	-0.000023	0.193021	0.731020	-0.299760	-0.001142	0.000213	-0.000389
0.095853	0.349697	-0.431035	-0.000380	-0.000051	0.000041	0.146103	0.557922	-0.283629	-0.000954	0.000177	-0.000085	0.190930	0.731447	-0.300515	-0.001368	0.000252	-0.000414
0.095072	0.349621	-0.431003	-0.000405	-0.000036	0.000010	0.144295	0.558214	-0.283770	-0.001058	0.000218	-0.000134	0.188452	0.731862	-0.301147	-0.001453	0.000289	-0.000430
0.094071	0.349561	-0.431038	-0.000278	-0.000019	-0.000004	0.142142	0.558602	-0.284060	-0.001017	0.000277	-0.000186	0.185685	0.732363	-0.301855	-0.001408	0.000343	-0.000502
0.094071	0.349561	-0.431038	-0.000215	-0.000013	-0.000009	0.140841	0.559131	-0.284394	-0.001041	0.000345	-0.000259	0.183738	0.732997	-0.302725	-0.001466	0.000406	-0.000665
0.094071	0.349561	-0.431038	-0.000352	-0.000020	-0.000019	0.139384	0.559779	-0.284864	-0.001261	0.000411	-0.000359	0.181562	0.733739	-0.303956	-0.001768	0.000471	-0.000913
0.092918	0.349494	-0.431090	-0.000899	-0.000031	-0.000096	0.136643	0.560487	-0.285552	-0.001880	0.000474	-0.000536	0.177917	0.734545	-0.305699	-0.002517	0.000538	-0.001261
0.091704	0.349432	-0.431174	-0.001387	-0.000027	-0.000202	0.133727	0.561358	-0.286492	-0.002426	0.000533	-0.000721	0.173827	0.735526	-0.308013	-0.003223	0.000604	-0.001599
0.087450	0.349383	-0.431864	-0.001535	-0.000011	-0.000275	0.127697	0.562292	-0.288123	-0.002628	0.000575	-0.000839	0.166298	0.736588	-0.311278	-0.003574	0.000653	-0.001808
0.085666	0.349407	-0.432279	-0.001424	-0.000002	-0.000297	0.124067	0.563303	-0.289503	-0.002583	0.000588	-0.000871	0.160947	0.737736	-0.314368	-0.003633	0.000670	-0.001851
0.083610	0.349407	-0.432739	-0.001305	-0.000008	-0.000293	0.120022	0.564295	-0.290933	-0.002561	0.000583	-0.000869	0.155055	0.738869	-0.317429	-0.003654	0.000662	-0.001799
0.081308	0.349393	-0.433269	-0.001446	-0.000030	-0.000312	0.115570	0.565240	-0.292388	-0.002832	0.000568	-0.000896	0.148741	0.739945	-0.320374	-0.003915	0.000637	-0.001758
0.078753	0.349322	-0.433805	-0.001565	-0.000064	-0.000310	0.110589	0.566188	-0.293923	-0.003113	0.000551	-0.000916	0.141965	0.741003	-0.323260	-0.004160	0.000602	-0.001739
0.076058	0.349195	-0.434334	-0.001660	-0.000110	-0.000285	0.105183	0.567093	-0.295469	-0.003392	0.000531	-0.000935	0.134888	0.741976	-0.326117	-0.004420	0.000557	-0.001777
0.073210	0.348965	-0.434775	-0.001741	-0.000166	-0.000246	0.099274	0.567949	-0.297015	-0.003569	0.000479	-0.000928	0.127306	0.742855	-0.329073	-0.004635	0.000476	-0.001859
0.070248	0.348645	-0.435153	-0.001821	-0.000226	-0.000202	0.092969	0.568785	-0.298649	-0.003736	0.000425	-0.000933	0.119203	0.743664	-0.332335	-0.004908	0.000392	-0.001991
0.067149	0.348216	-0.435448	-0.001817	-0.000271	-0.000158	0.087109	0.569286	-0.300021	-0.003792	0.000372	-0.000927	0.111300	0.744079	-0.335626	-0.005123	0.000312	-0.002104
0.063912	0.347681	-0.435678	-0.001817	-0.000309	-0.000133	0.079984	0.570002	-0.301790	-0.003924	0.000333	-0.000948	0.101818	0.744669	-0.339477	-0.005447	0.000246	-0.002206
0.061376	0.347216	-0.435832	-0.001916	-0.000355	-0.000141	0.074338	0.570456	-0.303140	-0.004253	0.000287	-0.001009	0.093461	0.744965	-0.342968	-0.005973	0.000173	-0.002311
0.057848	0.346551	-0.436103	-0.002130	-0.000419	-0.000174	0.066499	0.570943	-0.305011	-0.004726	0.000197	-0.001071	0.082576	0.745239	-0.347058	-0.006633	0.000049	-0.002393
0.054055	0.345794	-0.436431	-0.002380	-0.000497	-0.000212	0.058069	0.571214	-0.306890	-0.005256	0.000069	-0.001116	0.070808	0.745237	-0.351155	-0.007334	-0.000123	-0.002447
0.049933	0.344914	-0.436817	-0.002553	-0.000574	-0.000240	0.048998	0.571209	-0.308751	-0.005621	-0.000111	-0.001091	0.058144	0.744883	-0.355218	-0.007857	-0.000357	-0.002428
0.045494	0.343883	-0.437240	-0.002711	-0.000662	-0.000260	0.039277	0.570876	-0.310564	-0.005962	-0.000322	-0.001037	0.044554	0.744094	-0.359277	-0.008349	-0.000630	-0.002373
0.040876	0.342722	-0.437696	-0.002855	-0.000764	-0.000264	0.029080	0.570172	-0.312244	-0.006256	-0.000564	-0.000952	0.030259	0.742815	-0.363220	-0.008782	-0.000936	-0.002256
0.036000	0.341371	-0.438149	-0.002998	-0.000887	-0.000249	0.018369	0.569032	-0.313766	-0.006494	-0.000834	-0.000845	0.015206	0.741003	-0.366883	-0.009137	-0.001270	-0.002092
0.030882	0.339789	-0.438544	-0.003147	-0.001035	-0.000213	0.007346	0.567412	-0.315073	-0.006679	-0.001125	-0.000721	-0.000326	0.738614	-0.370175	-0.009406	-0.001632	-0.001911
0.025509	0.337948	-0.438882	-0.003301	-0.001201	-0.000175	-0.003928	0.565301	-0.316180	-0.006843	-0.001431	-0.000598	-0.016233	0.735590	-0.373238	-0.009611	-0.002012	-0.001734
0.019899	0.335796	-0.439097	-0.003460	-0.001376	-0.000152	-0.015412	0.562657	-0.317036	-0.007041	-0.001752	-0.000494	-0.032363	0.731904	-0.375973	-0.009816	-0.002398	-0.001554
0.013973	0.333358	-0.439346	-0.003609	-0.001560	-0.000137	-0.027304	0.559477	-0.317783	-0.007297	-0.002093	-0.000409	-0.048869	0.727592	-0.378428	-0.010070	-0.002786	-0.001348
0.007816	0.330619	-0.439598	-0.003714	-0.001745	-0.000111	-0.039684	0.555714	-0.318406	-0.007568	-0.002446	-0.000337	-0.065854	0.722632	-0.380526	-0.010347	-0.003175	-0.001128
0.001498	0.327529	-0.439749	-0.003754	-0.001926	-0.000058	-0.052626	0.551309	-0.318899	-0.007078	-0.002610	-0.000232	-0.083446	0.716997	-0.382169	-0.009873	-0.003380	-0.000887
-0.004768	0.324177	-0.439800	-0.003739	-0.002088	-0.000004	-0.065773	0.546365	-0.319291	-0.005777	-0.002538	-0.000107	-0.101256	0.710748	-0.383514	-0.008595	-0.003366	-0.000664
-0.010988	0.320538	-0.439728	-0.003697	-0.002231	0.000030	-0.071993	0.542726	-0.319220	-0.005100	-0.002580	-0.000039	-0.112200	0.705675	-0.384306	-0.007940	-0.003485	-0.000545
-0.017085	0.316726	-0.439663	-0.003654	-0.002364	0.000041	-0.078089	0.538914	-0.319155	-0.005817	-0.002959	-0.000074	-0.123051	0.700295	-0.385033	-0.008672	-0.003951	-0.000553
-0.023152	0.312670	-0.439588	-0.003630	-0.002502	0.000031	-0.091305	0.532960	-0.319427	-0.008699	-0.004093	-0.000301	-0.141051	0.692602	-0.386100	-0.011553	-0.005169	-0.000747
-0.029143	0.308406	-0.439528	-0.003626	-0.002649	0.000000	-0.104627	0.526545	-0.319824	-0.010836	-0.005135	-0.000511	-0.159123	0.684308	-0.387251	-0.013674	-0.006273	-0.000882
-0.035227	0.303840	-0.439553	-0.003618	-0.002789	-0.000047	-0.132441	0.514170	-0.321561	-0.010717	-0.005505	-0.000543	-0.191655	0.669978	-0.389555	-0.013527	-0.006674	-0.000778
-0.041274	0.299071	-0.439697	-0.003587	-0.002920	-0.000095	-0.145315	0.506350	-0.322130	-0.009061	-0.005316	-0.000404	-0.209186	0.660186	-0.390397	-0.011835	-0.006488	-0.000455
-0.047203	0.294110	-0.439888	-0.003529	-0.003045	-0.000127	-0.157790	0.498102	-0.322547	-0.006774	-0.004703	-0.000230	-0.226258	0.649986	-0.390731	-0.009493	-0.005864	-0.000092
-0.053038	0.288938	-0.440140	-0.003449	-0.003172	-0.000133	-0.169891	0.489452	-0.322875	-0.005357	-0.004196	-0.000171	-0.242867	0.639417	-0.390629	-0.007988	-0.005339	0.000121
-0.058755	0.283526	-0.440385	-0.003354	-0.003307	-0.000109	-0.175608	0.484040	-0.323120	-0.004580	-0.004020	-0.000112	-0.252905	0.632109	-0.390247	-0.007087	-0.005147	0.000276
-0.064215	0.277940	-0.440531	-0.003242	-0.003444	-0.000065	-0.181068	0.478454	-0.323267	-0.005023	-0.004558	-0.000040	-0.262417	0.624668	-0.389668	-0.007391	-0.005677	0.000385
-0.069562	0.272033	-0.440586	-0.003124	-0.003577	-0.000021	-0.192414	0.468901	-0.323275	-0.007141	-0.006335	0.000094	-0.277583	0.613267	-0.388928	-0.009380	-0.007463	0.000510
-0.074650	0.265993	-0.440593	-0.002995	-0.003692	0.000017	-0.203313	0.459013	-0.323118	-0.008583	-0.007788	0.000221	-0.292098	0.601491	-0.388100	-0.010730	-0.008952	0.000597
-0.079565	0.259699	-0.440533	-0.002843	-0.003770	0.000045	-0.224770	0.440129	-0.322330	-0.008265	-0.008015	0.000276	-0.317026	0.580658	-0.386719	-0.010287	-0.009193	0.000591
-0.084162	0.253352	-0.440418	-0.002674	-0.003808	0.000062	-0.234542	0.429351	-0.322005	-0.006834	-0.007326	0.000254	-0.330275	0.567762	-0.385903	-0.008780	-0.008547	0.000514
-0.088475	0.246979	-0.440308	-0.002499	-0.003819	0.000071	-0.243834	0.418415	-0.321629	-0.005420	-0.006573	0.000229	-0.342275	0.555061	-0.385210	-0.007305	-0.007833	0.000451
-0.092483	0.240634	-0.440199	-0.002330	-0.003827	0.000081	-0.252589	0.407470	-0.321274	-0.005127	-0.006634	0.000257	-0.354652	0.541617	-0.384467	-0.007020	-0.007970	0.000475
-0.096231	0.234229	-0.440046	-0.002161	-0.003826	0.000098	-0.260923	0.396282	-0.320770	-0.004834	-0.006673	0.000282	-0.365704	0.528469	-0.383645	-0.006787	-0.008120	0.000514
-0.099703	0.227832	-0.439868	-0.001991	-0.003810	0.000120	-0.268719	0.385144	-0.320292	-0.004534	-0.006679	0.000306	-0.377044	0.514659	-0.382717	-0.006509	-0.008213	0.000558
-0.102869	0.221517	-0.439656	-0.001558	-0.003156	0.000113	-0.276040	0.374012	-0.319786	-0.003967	-0.006036	0.000303	-0.387749	0.500814	-0.381816	-0.005940	-0.007626	0.000594
-0.105756	0.215250	-0.439390	-0.000894	-0.001885	0.000074	-0.282812	0.362954	-0.319198	-0.003154	-0.004773	0.000300	-0.397701	0.487137	-0.380715	-0.005031	-0.006337	0.000642
-0.105756	0.215250	-0.439390	-0.000562	-0.001259	0.000045	-0.286501	0.358113	-0.318838	-0.002663	-0.004146	0.000326	-0.404445	0.479726	-0.379704	-0.004453	-0.005682	0.000719
-0.105756	0.215250	-0.439390	-0.000796	-0.001883	0.000054	-0.289801	0.353311	-0.318237	-0.002744	-0.004757	0.000376	-0.410663	0.472380	-0.378407	-0.004453	-0.006277	0.000794
-0.108492	0.208932	-0.439203	-0.001613	-0.004277	0.000189	-0.295678	0.342195	-0.317492	-0.003154	-0.006658	0.000468	-0.419319	0.458751	-0.376932	-0.004786	-0.008178	0.000877
-0.110976	0.202743	-0.439036	-0.002040	-0.005969	0.000349	-0.301079	0.331302	-0.316787	-0.002937	-0.007389	0.000512	-0.427362	0.445340	-0.375552	-0.004501	-0.008926	0.000887
-0.116661	0.184984	-0.437854	-0.001757	-0.005781	0.000439	-0.306764	0.313543	-0.315604	-0.002325	-0.006720	0.000545	-0.435603	0.424990	-0.373791	-0.003829	-0.008288	0.000869
-0.117984	0.179511	-0.437253	-0.001119	-0.004337	0.000442	-0.308086	0.308070	-0.315003	-0.001935	-0.005743	0.000591	-0.439385	0.416878	-0.372681	-0.003377	-0.007339	0.000859
-0.119056	0.174357	-0.436600	-0.000482	-0.002650	0.000442	-0.311920	0.298223	-0.313831	-0.002276	-0.005882	0.000722	-0.445582	0.404331	-0.371111	-0.003651	-0.007498	0.000930
-0.119773	0.170002	-0.435868	-0.000464	-0.002841	0.000410	-0.315274	0.289196	-0.312646	-0.002880	-0.007373	0.000764	-0.451152	0.392606	-0.369646	-0.004187	-0.008995	0.000932
-0.119694	0.167994	-0.434821	-0.000525	-0.003246	0.000343	-0.322338	0.273599	-0.310746	-0.002743	-0.007649	0.000698	-0.460341	0.374278	-0.367529	-0.003990	-0.009259	0.000872
-0.121987	0.157467	-0.434934	-0.000508	-0.003338	0.000314	-0.326470	0.258968	-0.310453	-0.002030	-0.006681	0.000671	-0.466495	0.356986	-0.366941	-0.003231	-0.008264	0.000896
-0.122097	0.154437	-0.434105	-0.000334	-0.002863	0.000363	-0.328154	0.251957	-0.309040	-0.001191	-0.005166	0.000754	-0.470141	0.347365	-0.365099	-0.002353	-0.006716	0.001058
-0.122452	0.150182	-0.433446	-0.000113	-0.002236	0.000447	-0.329761	0.244029	-0.307641	-0.000832	-0.004451	0.000917	-0.473657	0.336881	-0.363118	-0.001955	-0.005959	0.001300
-0.122569	0.146653	-0.432682	-0.000064	-0.002123	0.000449	-0.330959	0.236874	-0.306013	-0.000688	-0.004286	0.000965	-0.476710	0.327226	-0.360772	-0.001597	-0.005514	0.001327
-0.122646	0.142890	-0.431892	0.000014	-0.001914	0.000481	-0.331990	0.229546	-0.304309	-0.000554	-0.004051	0.001002	-0.479476	0.317534	-0.358265	-0.001087	-0.004774	0.001235
-0.122543	0.140501	-0.431172	0.000088	-0.001800	0.000541	-0.332806	0.223584	-0.302727	-0.000439	-0.003891	0.001034	-0.480292	0.311573	-0.356683	-0.000612	-0.004127	0.001114
-0.122339	0.137197	-0.430142	0.000157	-0.001743	0.000608	-0.333459	0.216808	-0.300906	-0.000325	-0.003744	0.001059	-0.480945	0.304797	-0.354862	-0.000325	-0.003744	0.001059
-0.121992	0.134343	-0.429020	0.000199	-0.001695	0.000636	-0.333878	0.210701	-0.299077	-0.000225	-0.003560	0.001048	-0.481364	0.298690	-0.353032	-0.000225	-0.003560	0.001048
-0.121630	0.131618	-0.427961	0.000211	-0.001575	0.000599	-0.334172	0.204992	-0.297373	-0.000144	-0.003275	0.000984	-0.481658	0.292980	-0.351329	-0.000144	-0.003275	0.000984
-0.121264	0.129134	-0.426990	0.000199	-0.001483	0.000533	-0.334344	0.199796	-0.295783	-0.000086	-0.003016	0.000900	-0.481830	0.287785	-0.349739	-0.000086	-0.003016	0.000900
-0.120958	0.126654	-0.426177	0.000181	-0.001386	0.000460	-0.334430	0.194963	-0.294363	-0.000040	-0.002750	0.000814	-0.481916	0.282952	-0.348319	-0.000040	-0.002750	0.000814
-0.120673	0.124474	-0.425478	0.000167	-0.001282	0.000402	-0.334485	0.190573	-0.293090	-0.000003	-0.002505	0.000742	-0.481971	0.278562	-0.347046	-0.000003	-0.002505	0.000742
-0.120415	0.122418	-0.424874	0.000168	-0.001169	0.000373	-0.334427	0.186717	-0.291924	0.000035	-0.002277	0.000697	-0.481914	0.274706	-0.345880	0.000035	-0.002277	0.000697
-0.120135	0.120555	-0.424275	0.000179	-0.001046	0.000367	-0.334375	0.182990	-0.290805	0.000075	-0.002054	0.000674	-0.481862	0.270979	-0.344761	-0.000086	-0.002276	0.000757
-0.119818	0.118887	-0.423651	0.000190	-0.000908	0.000365	-0.334189	0.179775	-0.289677	0.000109	-0.001821	0.000653	-0.481675	0.267764	-0.343633	-0.000354	-0.002471	0.000894
-0.119484	0.117546	-0.423033	0.000187	-0.000767	0.000345	-0.333977	0.176977	-0.288600	0.000134	-0.001572	0.000617	-0.483067	0.262743	-0.341720	-0.001345	-0.003817	0.001512
-0.119171	0.116349	-0.422468	0.000167	-0.000654	0.000299	-0.333733	0.174520	-0.287596	0.000136	-0.001357	0.000554	-0.484247	0.258228	-0.339979	-0.002105	-0.004861	0.001973
-0.118909	0.115423	-0.422009	0.000000	0.000000	0.000000	-0.333492	0.172522	-0.286711	0.000000	0.000000	0.000000	-0.492739	0.242345	-0.333299	0.000000	0.000000	0.000000
-0.118724	0.114473	-0.421685	0.000000	0.000000	0.000000	-0.333318	0.170662	-0.286026	0.000000	0.000000	0.000000	-0.493056	0.239555	-0.332319	0.000000	0.000000	0.000000
